id	T4A	T4B	T4C
GO:0000014	0.0528417	0.212081	0.0406378
GO:0000030	17.4859	20.2827	22.4856
GO:0000034	0.308642	0.103349	0.0508594
GO:0000036	557.491	408.492	537.892
GO:0000049	2207.09	2185.47	2383.93
GO:0000062	1e-05	1e-05	1e-05
GO:0000104	0.0973401	0.260999	0.299411
GO:0000107	51.9861	65.3597	59.3043
GO:0000150	17.1905	20.0455	19.3377
GO:0000155	267.332	298.096	305.795
GO:0000156	83.8827	82.5069	86.9172
GO:0000166	472.773	507.807	533.263
GO:0000175	97.4708	103.215	96.6615
GO:0000179	19.7291	19.6073	19.3102
GO:0000213	1e-05	0.0597915	0.411078
GO:0000286	0.0743471	0.124727	1e-05
GO:0000287	2674.32	2775.35	2903.56
GO:0000309	0.235621	0.109621	1e-05
GO:0000703	1e-05	1e-05	1e-05
GO:0000774	75.7606	58.7978	40.7071
GO:0000906	139.034	158.846	220.182
GO:0000908	1e-05	1e-05	1e-05
GO:0000986	0.181971	1e-05	1e-05
GO:0000987	1e-05	1e-05	1e-05
GO:0001046	1e-05	1e-05	1e-05
GO:0001047	1e-05	1e-05	1e-05
GO:0001071	1e-05	1e-05	1e-05
GO:0001141	0.0693346	1e-05	1e-05
GO:0001671	1e-05	1e-05	1e-05
GO:0001727	1e-05	1e-05	1e-05
GO:0002161	215.155	249.055	240.741
GO:0002935	33.2572	31.5624	33.2804
GO:0003676	1797.61	1624.62	1956.97
GO:0003677	13105.3	10927.4	11238.7
GO:0003678	49.3182	62.6454	68.6089
GO:0003684	340.72	326.323	323.345
GO:0003688	28.9412	31.0386	24.5391
GO:0003689	0.179513	1e-05	0.199036
GO:0003690	162.839	126.758	127.157
GO:0003697	709.364	793.898	867.273
GO:0003700	2758.4	2382.33	2457.29
GO:0003723	4191.3	3956.09	4052.01
GO:0003725	59.8513	52.1039	49.7842
GO:0003729	151.556	219.958	231.6
GO:0003735	37654.3	33481.8	34605.5
GO:0003743	615.502	534.449	537.462
GO:0003746	2119.63	2178.25	2270.08
GO:0003755	343.008	311.732	349.05
GO:0003756	1e-05	1e-05	1e-05
GO:0003774	330.471	413.752	457.11
GO:0003796	0.0966933	1e-05	1e-05
GO:0003824	2406.11	2502.15	2668.6
GO:0003825	0.0482173	1e-05	0.0741876
GO:0003839	0.915255	0.477746	1.48547
GO:0003840	1e-05	1e-05	1e-05
GO:0003841	121.998	110.111	116.149
GO:0003842	4.34188	3.206	2.55001
GO:0003844	28.5431	28.2393	25.4212
GO:0003848	25.2294	24.0066	32.4157
GO:0003849	55.465	45.198	51.4121
GO:0003852	33.2226	40.8152	51.4319
GO:0003855	19.5741	16.335	17.0606
GO:0003856	30.753	42.1504	61.6524
GO:0003857	0.0158461	1e-05	1e-05
GO:0003861	61.9517	109.228	155.069
GO:0003862	32.7794	42.2949	56.3702
GO:0003863	1.69925	3.02157	3.46147
GO:0003864	29.5198	29.2347	24.7533
GO:0003866	140.053	144.795	144.925
GO:0003867	1e-05	1e-05	1e-05
GO:0003871	0.238726	0.0837516	0.0640157
GO:0003872	447.485	655.397	632.778
GO:0003879	1.29614	1.15314	4.46076
GO:0003882	1e-05	1e-05	1e-05
GO:0003883	66.9073	86.6934	76.3557
GO:0003886	1e-05	1e-05	1e-05
GO:0003887	374.082	360.568	367.603
GO:0003896	163.844	154.94	174.967
GO:0003899	520.565	573.32	620.194
GO:0003904	1e-05	0.0730737	1e-05
GO:0003906	180.632	116.585	112.263
GO:0003908	5.54017	3.04457	5.81001
GO:0003909	1e-05	1e-05	1e-05
GO:0003910	0.126316	0.0847716	0.145714
GO:0003911	29.0036	27.3688	25.2956
GO:0003917	62.5986	68.563	66.8139
GO:0003918	136.825	141.39	149.002
GO:0003919	49.7851	46.7158	53.9423
GO:0003922	84.3984	105.863	109.841
GO:0003924	1667.25	1842.85	2022.53
GO:0003933	0.801358	0.671163	0.614964
GO:0003934	84.8721	80.2505	81.2648
GO:0003935	26.5774	30.5943	36.0382
GO:0003937	16.8718	28.0121	36.5795
GO:0003938	125.963	159.396	142.423
GO:0003939	38.7121	23.4366	21.2411
GO:0003941	1e-05	1e-05	1e-05
GO:0003942	31.0709	30.8451	34.818
GO:0003949	46.7054	53.322	56.8811
GO:0003951	161.323	128.384	124.413
GO:0003952	58.1782	61.0458	57.6419
GO:0003954	31.5373	21.1058	15.0276
GO:0003957	0.0517099	1e-05	1e-05
GO:0003960	1e-05	1e-05	1e-05
GO:0003961	19.0933	26.6286	35.8223
GO:0003962	1e-05	1e-05	1e-05
GO:0003963	0.112022	0.175555	0.345421
GO:0003977	104.702	129.738	131.475
GO:0003978	57.7405	55.1477	47.0642
GO:0003979	28.7812	27.1053	29.3526
GO:0003983	50.4016	36.3595	40.7912
GO:0003984	134.24	186.901	226.939
GO:0003985	1.57853	2.2474	2.25821
GO:0003987	0.431271	1e-05	0.461639
GO:0003988	0.0626728	1e-05	1e-05
GO:0003989	56.9319	85.102	99.6685
GO:0003991	6.24664	5.11625	12.1275
GO:0003992	6.43101	7.58762	18.3242
GO:0003993	73.7884	58.2092	67.0532
GO:0003994	26.7353	26.7358	26.4564
GO:0003995	0.315563	1e-05	1e-05
GO:0003999	109.704	105.061	100.811
GO:0004000	1e-05	1e-05	1e-05
GO:0004003	111.02	101.29	105.668
GO:0004004	0.1496	1e-05	1e-05
GO:0004008	6.52706	3.93105	2.63258
GO:0004013	89.4905	115.536	107.921
GO:0004014	1032.77	738.062	727.63
GO:0004015	0.501964	0.726831	0.710987
GO:0004016	0.0269706	1e-05	1e-05
GO:0004017	57.0135	64.3065	99.7536
GO:0004018	55.8304	53.1651	57.9401
GO:0004019	103.879	129.331	112.152
GO:0004020	41.2491	53.4032	73.8219
GO:0004021	1e-05	1e-05	1e-05
GO:0004022	34.2944	65.9282	72.5495
GO:0004029	4.34188	3.206	2.55001
GO:0004030	7.20601	6.99288	7.42607
GO:0004033	0.114189	1e-05	1e-05
GO:0004034	1e-05	1e-05	1e-05
GO:0004038	0.0947853	1e-05	1e-05
GO:0004040	0.0478939	0.144693	0.0826185
GO:0004042	11.9995	12.9854	15.0146
GO:0004044	15.4024	20.3495	15.1093
GO:0004045	21.9274	22.0775	21.2001
GO:0004047	46.7561	80.3797	65.8005
GO:0004048	67.108	64.4137	96.97
GO:0004049	92.2143	39.9968	51.5684
GO:0004055	8.54216	6.41909	15.2995
GO:0004056	6.69098	7.671	13.0639
GO:0004061	8.93229	10.8371	11.7272
GO:0004065	1e-05	1e-05	1e-05
GO:0004066	0.58155	0.239665	0.441022
GO:0004067	14.2585	8.85206	4.86452
GO:0004068	53.1722	50.9581	55.2408
GO:0004069	91.9904	63.9703	59.485
GO:0004070	16.1536	12.5279	10.3553
GO:0004071	42.8385	51.4781	51.3344
GO:0004072	48.8094	53.2435	57.2145
GO:0004073	25.8035	25.7057	21.4539
GO:0004075	0.346511	0.130934	0.262579
GO:0004076	1.82951	0.879272	0.64155
GO:0004077	71.541	89.5301	77.3808
GO:0004088	27.3906	32.6151	32.7295
GO:0004089	0.848346	0.113919	0.392003
GO:0004096	1e-05	1e-05	1e-05
GO:0004106	0.432759	0.420168	1e-05
GO:0004107	73.5215	57.087	71.8463
GO:0004108	1e-05	1e-05	1e-05
GO:0004109	8.56095	10.8358	9.71208
GO:0004112	1e-05	1e-05	1e-05
GO:0004113	39.7342	30.2323	35.4765
GO:0004121	1e-05	1e-05	1e-05
GO:0004124	1106.34	1283.43	1458.96
GO:0004125	17.0092	14.8082	13.3391
GO:0004126	59.8113	56.106	58.5388
GO:0004127	148.496	149.503	131.41
GO:0004129	1e-05	1e-05	1e-05
GO:0004130	1e-05	1e-05	1e-05
GO:0004133	1e-05	1e-05	1e-05
GO:0004134	30.4393	28.7723	29.6421
GO:0004135	30.4393	28.7723	29.6421
GO:0004139	77.8534	53.9873	73.7219
GO:0004140	33.8897	34.8163	35.1591
GO:0004141	0.781631	0.296787	0.339875
GO:0004146	69.4259	97.9612	95.8256
GO:0004148	2.71446	2.96503	2.90617
GO:0004149	12.0631	10.0237	10.7665
GO:0004150	14.7306	18.4385	21.9546
GO:0004151	35.5177	29.9003	23.7179
GO:0004152	14.4945	15.862	21.5487
GO:0004156	34.1645	40.0982	37.4908
GO:0004159	0.0593419	1e-05	1e-05
GO:0004160	40.3256	49.6559	60.9622
GO:0004161	1e-05	1e-05	1e-05
GO:0004164	0.200404	1e-05	1e-05
GO:0004165	0.0158461	1e-05	1e-05
GO:0004170	11.9597	7.74195	6.861
GO:0004175	1.11967	0.217876	0.166505
GO:0004176	80.8015	72.1685	72.8249
GO:0004177	115.584	137.644	147.701
GO:0004180	0.0341175	1e-05	1e-05
GO:0004181	26.4803	42.7442	38.9734
GO:0004190	347.474	346.957	414.006
GO:0004222	395.555	398.718	394.994
GO:0004252	924.796	766.582	789.634
GO:0004298	1.23341	0.217876	0.629488
GO:0004300	0.0158461	1e-05	1e-05
GO:0004309	1e-05	1e-05	1e-05
GO:0004314	45.0018	53.6559	85.2315
GO:0004315	193.207	205.611	252.883
GO:0004316	60.3506	73.7649	85.7214
GO:0004318	38.4535	25.9851	27.9807
GO:0004322	0.197785	1e-05	1e-05
GO:0004324	1e-05	1e-05	1e-05
GO:0004325	1e-05	1e-05	1e-05
GO:0004326	77.2093	82.5277	92.6533
GO:0004329	57.1982	58.2234	49.7622
GO:0004332	515.621	522.567	531.912
GO:0004333	0.042752	1e-05	1e-05
GO:0004337	33.1491	38.7719	41.837
GO:0004340	47.8904	59.346	39.8729
GO:0004342	0.0564314	1e-05	1e-05
GO:0004345	1e-05	1e-05	1e-05
GO:0004347	70.9836	82.4134	77.4051
GO:0004348	6.5278	5.90085	5.63485
GO:0004349	30.716	25.187	30.13
GO:0004350	71.8028	69.8801	77.5871
GO:0004351	0.0517099	1e-05	1e-05
GO:0004352	816.546	586.866	499.061
GO:0004353	20.408	12.1989	7.5644
GO:0004355	30.6714	23.6913	16.1417
GO:0004356	163.772	155.341	146.964
GO:0004357	1e-05	1e-05	1e-05
GO:0004358	11.9995	12.9854	15.0146
GO:0004359	3.27295	5.01192	5.77153
GO:0004360	34.2831	42.9469	51.7246
GO:0004362	1e-05	1e-05	1e-05
GO:0004363	1e-05	1e-05	1e-05
GO:0004364	1e-05	1e-05	1e-05
GO:0004365	899.819	1142.3	1015.19
GO:0004367	24.5134	32.5297	33.8568
GO:0004370	14.8093	15.0919	11.7532
GO:0004371	34.0434	46.5421	39.6642
GO:0004372	156.268	198.919	188.888
GO:0004373	161.329	191.763	199.654
GO:0004375	86.6769	128.231	106.948
GO:0004385	92.6339	107.431	93.6561
GO:0004386	213.747	249.017	250.671
GO:0004399	10.029	5.07631	6.01322
GO:0004400	11.4018	5.70507	6.29222
GO:0004401	25.5037	29.2011	29.263
GO:0004410	1e-05	0.0846197	0.242384
GO:0004412	50.2207	51.0902	43.6285
GO:0004413	1e-05	1e-05	1e-05
GO:0004414	0.239502	1e-05	0.368252
GO:0004416	1e-05	1e-05	1e-05
GO:0004417	1e-05	1e-05	0.0750332
GO:0004418	5.94657	5.09181	6.47436
GO:0004420	0.0309807	0.12349	0.0476512
GO:0004421	0.215506	0.192787	0.193415
GO:0004422	82.1806	54.5876	63.1679
GO:0004424	63.8579	43.9294	45.0464
GO:0004425	41.9086	61.7092	115.814
GO:0004427	53.8643	46.9168	38.1076
GO:0004450	121.8	121.21	119.773
GO:0004452	0.071857	1e-05	0.440599
GO:0004455	110.42	140.058	155.774
GO:0004457	1e-05	1e-05	1e-05
GO:0004459	241.768	224.645	207.81
GO:0004462	0.198108	1e-05	1e-05
GO:0004467	26.3609	29.0526	31.4217
GO:0004471	126.867	174.043	177.603
GO:0004473	1e-05	1e-05	1e-05
GO:0004474	0.0160078	1e-05	1e-05
GO:0004476	45.6979	54.8784	45.3343
GO:0004477	94.738	83.0937	78.8582
GO:0004478	106.667	143.902	107.259
GO:0004479	25.5119	30.65	26.5985
GO:0004488	89.2432	77.7536	73.6046
GO:0004489	32.9358	24.7279	24.0351
GO:0004492	1e-05	1e-05	1e-05
GO:0004493	7.84829	14.1878	14.4089
GO:0004494	29.5255	41.2843	35.6744
GO:0004496	1e-05	0.0569702	0.0326296
GO:0004497	1e-05	1e-05	1e-05
GO:0004512	2.02296	0.702936	1.14353
GO:0004514	58.3897	92.6728	88.199
GO:0004515	54.7259	38.7505	38.5979
GO:0004516	8.52078	9.20165	9.51954
GO:0004518	180.928	181.458	224.991
GO:0004519	291.577	242.37	262.907
GO:0004520	1e-05	1e-05	1e-05
GO:0004521	311.535	348.532	360.91
GO:0004523	102.938	133.274	141.549
GO:0004525	115.279	77.3832	88.8496
GO:0004526	209.386	161.343	188.044
GO:0004527	39.4089	50.6377	51.0698
GO:0004530	0.0579513	1e-05	1e-05
GO:0004534	29.2885	30.5283	30.4662
GO:0004540	75.7355	73.2016	76.4092
GO:0004549	41.7264	44.7456	49.8565
GO:0004550	313.401	242.374	234.904
GO:0004553	1188.03	1123.65	1172.49
GO:0004555	1e-05	1e-05	1e-05
GO:0004556	33.3908	41.8009	38.4827
GO:0004557	1e-05	1e-05	1e-05
GO:0004558	1e-05	1e-05	1e-05
GO:0004559	0.0327593	1e-05	1e-05
GO:0004563	5.26529	4.25251	4.32845
GO:0004565	225.731	1e-05	1e-05
GO:0004568	20.0054	19.9315	23.3712
GO:0004576	0.202312	0.327671	0.153225
GO:0004585	20.1494	29.7609	28.2534
GO:0004586	1e-05	1e-05	1e-05
GO:0004588	3.38339	4.37357	2.85658
GO:0004589	14.4945	15.862	21.5487
GO:0004590	12.868	13.5307	8.84449
GO:0004591	1e-05	1e-05	1e-05
GO:0004592	63.933	64.2297	63.4443
GO:0004594	187.462	209.44	223.061
GO:0004595	117.836	102.05	99.9808
GO:0004596	1e-05	1e-05	1e-05
GO:0004601	1222.1	959.239	983.834
GO:0004604	58.7528	54.7957	62.1958
GO:0004605	27.505	38.9489	37.2582
GO:0004609	0.803427	0.415611	0.19058
GO:0004612	10.4568	7.98654	7.40456
GO:0004613	182.721	193.526	230.114
GO:0004614	84.5695	100.38	98.9275
GO:0004615	17.1783	21.1682	17.2282
GO:0004616	1e-05	1e-05	1e-05
GO:0004617	0.724488	0.334051	0.191276
GO:0004618	257.999	403.418	351.709
GO:0004619	1e-05	1e-05	1e-05
GO:0004622	1e-05	1e-05	1e-05
GO:0004632	32.1954	40.3548	39.1608
GO:0004633	32.1954	40.3548	39.1608
GO:0004634	92.7014	140.778	147.031
GO:0004635	32.5569	37.7056	42.6483
GO:0004636	32.0724	37.3034	42.0802
GO:0004637	20.9748	25.7529	42.8434
GO:0004638	1e-05	1e-05	1e-05
GO:0004639	89.602	87.798	67.8205
GO:0004640	114.056	99.8994	214.157
GO:0004641	47.7997	64.9073	74.1799
GO:0004642	39.8071	50.4463	38.7605
GO:0004643	16.8718	27.8234	36.1461
GO:0004644	35.1897	40.3012	51.3108
GO:0004645	25.1916	41.2712	34.0698
GO:0004647	0.453036	0.388699	0.260216
GO:0004648	64.717	81.3638	82.1011
GO:0004652	1e-05	1e-05	1e-05
GO:0004654	96.85	102.988	96.3141
GO:0004655	29.1318	18.7636	18.964
GO:0004657	1e-05	1e-05	1e-05
GO:0004658	20.2805	28.76	25.6852
GO:0004659	75.1739	60.2769	61.4978
GO:0004664	46.1078	38.0421	48.7579
GO:0004665	58.5705	63.1192	61.6974
GO:0004672	270.261	247.208	198.194
GO:0004673	238.539	275.351	263.852
GO:0004674	132.252	132.321	128.185
GO:0004683	0.0246746	1e-05	1e-05
GO:0004712	0.0888996	0.178984	0.136711
GO:0004713	1e-05	1e-05	1e-05
GO:0004715	1.2931	0.434058	0.41451
GO:0004719	1e-05	0.0430586	0.197394
GO:0004721	31.86	43.6273	34.0487
GO:0004722	97.1181	95.2539	96.0903
GO:0004725	112.96	101.396	78.3262
GO:0004730	1.87404	2.60042	1.73579
GO:0004731	72.4447	73.6396	63.9523
GO:0004733	182.261	119.456	115.922
GO:0004735	37.9231	43.2229	49.7949
GO:0004736	5.31845	7.02226	5.92842
GO:0004739	1e-05	0.10259	0.176379
GO:0004743	90.918	114.013	91.3702
GO:0004746	18.8649	24.0623	26.1803
GO:0004747	2.71194	1.03469	1.50907
GO:0004748	41.7677	51.2294	56.5845
GO:0004749	149.163	158.062	154.152
GO:0004750	70.8909	46.561	56.377
GO:0004751	317.351	258.034	251.367
GO:0004756	12.1338	10.591	8.41754
GO:0004760	4.29156	7.65503	8.05742
GO:0004764	40.5462	41.0562	37.9082
GO:0004765	273.978	70.8	154.207
GO:0004766	107.879	141.2	119.159
GO:0004775	0.0682351	0.210171	0.094208
GO:0004777	1e-05	1e-05	1e-05
GO:0004781	1e-05	1e-05	1e-05
GO:0004783	1e-05	1e-05	1e-05
GO:0004784	0.676271	1.15297	1.06317
GO:0004788	2.53226	2.80879	2.52561
GO:0004789	2.70114	2.32566	2.2554
GO:0004791	71.0648	87.2444	101.291
GO:0004792	0.173886	1e-05	1e-05
GO:0004794	1e-05	1e-05	1e-05
GO:0004795	142.377	126.084	131.371
GO:0004797	12.0016	18.8738	13.952
GO:0004798	20.7716	22.1419	23.3999
GO:0004799	71.0197	64.2457	62.82
GO:0004801	152.303	149.254	128.573
GO:0004802	1e-05	1e-05	1e-05
GO:0004803	327.09	308.305	328.57
GO:0004805	1e-05	0.0672356	0.0770476
GO:0004807	362.008	464.138	500.24
GO:0004808	1e-05	1e-05	1e-05
GO:0004809	0.215377	0.181545	0.150216
GO:0004810	23.6007	31.5835	29.3174
GO:0004812	52.6354	52.7466	58.2033
GO:0004813	111.282	126.937	106.954
GO:0004814	106.315	144.357	135.807
GO:0004815	18.0065	21.13	20.3816
GO:0004816	54.4351	59.5325	58.8466
GO:0004817	23.7617	32.9913	35.7364
GO:0004818	40.3179	50.7212	49.0751
GO:0004819	49.6799	62.2455	57.1243
GO:0004820	72.6769	72.6562	81.4349
GO:0004821	40.7507	47.2497	49.9716
GO:0004822	26.2191	32.2157	30.7641
GO:0004823	89.7567	103.367	104.577
GO:0004824	83.2609	89.7818	91.8475
GO:0004825	33.9336	44.9001	47.8856
GO:0004826	60.4386	83.5725	81.8029
GO:0004827	72.7008	79.6589	75.9813
GO:0004828	47.3497	53.2104	49.0226
GO:0004829	92.6179	135.064	132.35
GO:0004830	59.9526	69.0807	67.2916
GO:0004831	26.5799	33.3056	32.9884
GO:0004832	26.5781	33.9471	29.6473
GO:0004834	184.541	200.231	250.47
GO:0004837	1e-05	0.115025	0.369296
GO:0004844	1e-05	1e-05	1e-05
GO:0004845	210.061	180.233	183.391
GO:0004849	29.9562	30.6211	28.4036
GO:0004850	0.105683	1e-05	1e-05
GO:0004851	32.3801	22.693	23.4066
GO:0004852	32.3801	22.7285	23.4066
GO:0004853	57.2473	59.1935	60.6048
GO:0004854	0.0720834	1e-05	1e-05
GO:0004855	0.0119007	1e-05	1e-05
GO:0004856	0.0247716	1e-05	1e-05
GO:0004866	1e-05	1e-05	1e-05
GO:0004871	388.923	436.335	454.711
GO:0004872	0.148791	1e-05	1e-05
GO:0004984	0.0899345	1e-05	1e-05
GO:0005048	0.13909	1e-05	1e-05
GO:0005198	577.716	684.212	711.565
GO:0005215	732.315	814.669	732.712
GO:0005216	79.7315	71.0274	57.6281
GO:0005247	27.938	21.7038	18.9522
GO:0005262	1e-05	1e-05	1e-05
GO:0005267	1e-05	1e-05	1e-05
GO:0005304	1e-05	1e-05	1e-05
GO:0005315	25.7227	39.2943	33.0951
GO:0005328	25.5205	27.5648	22.6594
GO:0005337	1e-05	1e-05	1e-05
GO:0005344	1e-05	1e-05	1e-05
GO:0005345	3.99521	5.76994	7.77604
GO:0005351	8.78741	14.3406	18.3597
GO:0005354	1e-05	1e-05	1e-05
GO:0005355	1e-05	1e-05	1e-05
GO:0005363	48.4664	38.6514	25.642
GO:0005384	9.28078	5.30007	9.5837
GO:0005385	0.0774516	1e-05	1e-05
GO:0005388	23.8316	26.083	24.7265
GO:0005415	1e-05	1e-05	1e-05
GO:0005451	40.1699	66.8379	48.2942
GO:0005506	16106.8	11036.2	12261.8
GO:0005507	727.419	443.035	566.94
GO:0005509	178.511	100.804	95.7609
GO:0005524	13349.4	14015.8	14082.9
GO:0005525	2509.89	2759.84	2949.18
GO:0005528	1e-05	1e-05	1e-05
GO:0005534	1e-05	1e-05	1e-05
GO:0005542	4.76219	4.42169	2.07255
GO:0005543	1e-05	1e-05	1e-05
GO:0008026	0.181324	0.0809953	0.108459
GO:0008047	1.84513	2.86908	1.58348
GO:0008073	1e-05	1e-05	1e-05
GO:0008080	505.924	363.85	460.736
GO:0008081	1e-05	1e-05	1e-05
GO:0008094	280.782	280.496	271.744
GO:0008097	91.244	106.061	84.6703
GO:0008106	0.0743148	1e-05	1e-05
GO:0008108	12.0259	18.278	15.3531
GO:0008113	9.24485	3.33096	5.11407
GO:0008115	16.4641	21.2332	18.0473
GO:0008121	2.41028	1.54104	1.69599
GO:0008131	1e-05	1e-05	1e-05
GO:0008134	1e-05	1e-05	1e-05
GO:0008137	623.254	658.6	695.487
GO:0008138	1e-05	1e-05	1e-05
GO:0008143	0.947335	0.460601	1.49129
GO:0008168	744.428	763.712	802.53
GO:0008170	4.84902	8.58624	7.76403
GO:0008171	4.95522	5.09589	5.43305
GO:0008173	133.631	126.149	130.589
GO:0008175	25.6325	16.4713	16.3987
GO:0008176	51.0667	48.1098	41.0326
GO:0008177	1e-05	1e-05	1e-05
GO:0008184	63.0364	66.9233	80.0788
GO:0008186	85.7461	108.893	106.114
GO:0008198	88.2437	99.2615	75.9854
GO:0008199	521.323	362.901	473.779
GO:0008233	500.693	449.565	435.549
GO:0008234	128.528	124.486	118.292
GO:0008235	5.22299	4.02984	4.58548
GO:0008236	274.135	274.449	281.979
GO:0008237	198.212	287.98	279.833
GO:0008239	5.22299	4.02984	4.58548
GO:0008251	1e-05	1e-05	1e-05
GO:0008252	0.0883498	1e-05	1e-05
GO:0008253	70.4739	73.5935	69.628
GO:0008254	1e-05	1e-05	1e-05
GO:0008263	1e-05	1e-05	1e-05
GO:0008270	2526.42	2388.9	2427.83
GO:0008271	207.385	204.608	227.825
GO:0008273	1e-05	1e-05	1e-05
GO:0008276	68.3095	67.8746	57.8263
GO:0008289	808.765	901.344	933.118
GO:0008296	1e-05	1e-05	1e-05
GO:0008310	1e-05	1e-05	1e-05
GO:0008312	48.3257	47.9919	42.0591
GO:0008320	1e-05	1e-05	1e-05
GO:0008324	99.9484	139.2	162.687
GO:0008375	1e-05	1e-05	1e-05
GO:0008381	1e-05	1e-05	1e-05
GO:0008408	198.769	189.648	192.488
GO:0008409	46.6433	40.0766	45.3576
GO:0008410	1e-05	1e-05	1e-05
GO:0008412	1e-05	1e-05	1e-05
GO:0008413	2.23481	3.08639	2.62815
GO:0008417	0.069561	1e-05	1e-05
GO:0008422	329.343	390.901	380.011
GO:0008425	0.106654	1e-05	1e-05
GO:0008444	67.4362	71.5545	76.7492
GO:0008448	35.0114	37.6936	32.2884
GO:0008452	31.2452	38.0577	35.9734
GO:0008453	22.471	38.9397	33.1498
GO:0008460	0.221392	0.486688	0.176628
GO:0008470	1e-05	1e-05	1e-05
GO:0008474	1e-05	1e-05	1e-05
GO:0008478	1e-05	1e-05	1e-05
GO:0008479	26.5023	29.8342	29.6481
GO:0008483	1009.74	962.564	906.253
GO:0008484	62.7284	44.6346	44.8457
GO:0008495	1e-05	1e-05	1e-05
GO:0008519	0.239211	0.199298	0.228308
GO:0008531	49.6577	46.0075	52.5744
GO:0008534	24.9227	10.9944	17.9834
GO:0008551	1.34029	2.67512	2.1443
GO:0008556	0.0340529	1e-05	1e-05
GO:0008559	0.0396151	1e-05	1e-05
GO:0008565	154.762	165.284	136.419
GO:0008609	0.0495755	1e-05	1e-05
GO:0008641	164.215	180.022	183.048
GO:0008649	50.433	59.9783	64.815
GO:0008650	0.0665534	1e-05	0.307047
GO:0008657	0.673716	1e-05	1e-05
GO:0008658	80.7581	77.9732	83.765
GO:0008661	149.722	183.238	191.566
GO:0008662	15.7465	17.6034	14.0036
GO:0008663	2.66498	2.67567	1.97859
GO:0008664	39.7342	30.2323	35.4765
GO:0008667	1e-05	1e-05	1e-05
GO:0008670	1e-05	1e-05	1e-05
GO:0008671	1e-05	1e-05	1e-05
GO:0008672	1e-05	1e-05	1e-05
GO:0008673	1e-05	1e-05	1e-05
GO:0008674	1e-05	1e-05	1e-05
GO:0008675	1e-05	1e-05	1e-05
GO:0008676	1e-05	1e-05	1e-05
GO:0008677	1e-05	1e-05	1e-05
GO:0008678	1e-05	1e-05	1e-05
GO:0008679	1e-05	1e-05	1e-05
GO:0008684	1e-05	1e-05	1e-05
GO:0008685	21.6888	29.527	21.3913
GO:0008686	27.0565	30.9156	36.4527
GO:0008691	1e-05	1e-05	1e-05
GO:0008692	0.0158461	1e-05	1e-05
GO:0008694	0.0481203	1e-05	1e-05
GO:0008695	1e-05	1e-05	1e-05
GO:0008697	1e-05	1e-05	1e-05
GO:0008700	1e-05	1e-05	1e-05
GO:0008703	1e-05	1e-05	1e-05
GO:0008704	28.1634	30.3195	29.4897
GO:0008705	35.167	26.7983	33.1248
GO:0008706	1e-05	1e-05	1e-05
GO:0008709	1e-05	1e-05	1e-05
GO:0008710	60.6461	110.552	101.869
GO:0008712	1e-05	1e-05	1e-05
GO:0008713	0.0721157	1e-05	1e-05
GO:0008716	72.9592	61.3106	59.0546
GO:0008720	1e-05	1e-05	1e-05
GO:0008721	9.88361	13.1879	10.4077
GO:0008725	1e-05	1e-05	1e-05
GO:0008728	7.76994	9.38304	8.45164
GO:0008730	0.177767	0.186906	0.0714767
GO:0008734	20.0365	25.8602	25.377
GO:0008736	1e-05	1e-05	1e-05
GO:0008740	1e-05	1e-05	1e-05
GO:0008742	3.20734	2.92358	2.61482
GO:0008743	38.7121	23.4366	21.2411
GO:0008744	1e-05	1e-05	1e-05
GO:0008745	128.1	124.848	133.626
GO:0008747	0.0434635	1e-05	1e-05
GO:0008748	1e-05	1e-05	1e-05
GO:0008750	0.0260975	1e-05	1e-05
GO:0008752	0.0709192	0.285567	0.10908
GO:0008756	1e-05	1e-05	1e-05
GO:0008757	45.9139	41.2786	42.5034
GO:0008760	229.143	204.022	228.754
GO:0008761	92.6222	94.632	87.8383
GO:0008762	76.3167	78.7381	71.2015
GO:0008763	10.4893	10.8987	11.2904
GO:0008764	68.3933	61.0479	59.0159
GO:0008765	6.00591	7.49536	6.04182
GO:0008766	103.742	117.007	118.325
GO:0008767	28.5971	39.0528	28.3034
GO:0008768	1e-05	1e-05	1e-05
GO:0008771	1e-05	1e-05	1e-05
GO:0008772	0.0409087	1e-05	1e-05
GO:0008773	1e-05	1e-05	1e-05
GO:0008774	34.2944	65.9282	72.5495
GO:0008775	0.24694	1e-05	1e-05
GO:0008776	86.9996	124.077	124.392
GO:0008777	1e-05	1e-05	1e-05
GO:0008779	1e-05	1e-05	1e-05
GO:0008783	38.0181	39.4291	36.6205
GO:0008784	25.8735	26.1066	28.4637
GO:0008785	348.992	417.94	520.725
GO:0008786	1e-05	1e-05	1e-05
GO:0008787	1e-05	1e-05	1e-05
GO:0008791	1e-05	1e-05	1e-05
GO:0008792	88.8675	79.3391	81.5658
GO:0008793	1e-05	1e-05	1e-05
GO:0008794	1e-05	1e-05	1e-05
GO:0008795	11.3556	8.61994	7.16919
GO:0008798	1.70167	0.99395	1.1145
GO:0008800	24928.3	49698.2	37667.8
GO:0008801	1e-05	1e-05	1e-05
GO:0008802	1e-05	1e-05	1e-05
GO:0008803	1e-05	1e-05	1e-05
GO:0008804	22.1183	30.7455	27.2268
GO:0008806	1e-05	1e-05	1e-05
GO:0008808	5.86957	5.64617	4.88365
GO:0008810	885.348	852.867	1025.09
GO:0008812	1e-05	1e-05	1e-05
GO:0008814	1e-05	1e-05	1e-05
GO:0008815	1e-05	1e-05	1e-05
GO:0008817	103.929	97.7671	103.208
GO:0008818	18.2461	14.1724	14.6174
GO:0008821	99.5046	116.409	111.608
GO:0008825	1e-05	1e-05	1e-05
GO:0008827	1e-05	1e-05	1e-05
GO:0008829	56.6387	57.1222	47.8695
GO:0008830	54.3972	40.3979	47.297
GO:0008831	0.139995	0.187904	0.14355
GO:0008832	21.3615	15.7692	16.84
GO:0008833	2.98876	2.42825	1.05492
GO:0008834	1e-05	1e-05	1e-05
GO:0008835	1e-05	1e-05	1e-05
GO:0008836	70.1337	52.4902	52.9782
GO:0008837	78.7259	43.4051	40.3203
GO:0008838	1e-05	1e-05	1e-05
GO:0008839	35.357	26.7306	23.6066
GO:0008840	39.4255	43.0469	40.7138
GO:0008847	1e-05	1e-05	1e-05
GO:0008849	0.0307219	1e-05	1e-05
GO:0008852	1e-05	1e-05	1e-05
GO:0008853	97.0661	56.7264	69.038
GO:0008854	32.8534	28.2005	25.3602
GO:0008855	100.856	107.577	117.871
GO:0008859	38.5598	34.212	32.604
GO:0008860	111.807	59.6931	56.2473
GO:0008861	124.248	108.416	127.824
GO:0008863	0.0263239	1e-05	0.0992815
GO:0008866	1e-05	1e-05	1e-05
GO:0008867	1e-05	1e-05	1e-05
GO:0008868	0.07577	1e-05	1e-05
GO:0008872	1e-05	1e-05	1e-05
GO:0008878	79.4275	87.5629	82.3904
GO:0008879	2.01888	1.58891	0.824146
GO:0008880	1e-05	1e-05	1e-05
GO:0008881	50.065	51.8337	44.3002
GO:0008883	6.09792	8.07752	12.4758
GO:0008884	1e-05	1e-05	1e-05
GO:0008885	1e-05	1e-05	1e-05
GO:0008887	11.5215	15.5978	14.1016
GO:0008888	1e-05	1e-05	1e-05
GO:0008889	13.5499	20.8246	18.283
GO:0008890	59.248	109.359	101.135
GO:0008891	1e-05	1e-05	1e-05
GO:0008894	0.0484437	1e-05	1e-05
GO:0008897	76.6083	61.5334	66.3844
GO:0008898	0.0549114	1e-05	1e-05
GO:0008899	40.4424	34.2343	39.4573
GO:0008901	294.15	345.473	342.032
GO:0008908	1e-05	1e-05	1e-05
GO:0008909	1e-05	1e-05	1e-05
GO:0008911	1e-05	1e-05	1e-05
GO:0008914	7.72586	4.87048	6.0269
GO:0008917	1e-05	1e-05	1e-05
GO:0008918	0.372512	1e-05	1e-05
GO:0008919	0.22385	1e-05	1e-05
GO:0008921	0.181033	1e-05	1e-05
GO:0008922	1e-05	1e-05	1e-05
GO:0008923	26.2391	23.4271	26.3429
GO:0008925	1e-05	1e-05	1e-05
GO:0008926	1e-05	1e-05	1e-05
GO:0008929	207.253	205.703	232.855
GO:0008932	1e-05	1e-05	1e-05
GO:0008933	68.0379	55.6229	61.629
GO:0008934	39.8263	40.6059	32.6609
GO:0008939	6.95066	5.93523	5.89497
GO:0008940	1e-05	1e-05	1e-05
GO:0008941	1e-05	1e-05	1e-05
GO:0008942	1e-05	1e-05	1e-05
GO:0008948	136.593	150.417	151.96
GO:0008949	0.0418465	1e-05	1e-05
GO:0008955	17.2018	16.7616	17.615
GO:0008959	73.964	56.3004	49.8
GO:0008960	1e-05	1e-05	1e-05
GO:0008961	49.183	44.9929	44.6553
GO:0008962	0.175277	0.0322939	0.147927
GO:0008963	186.001	188.244	196.914
GO:0008964	0.185011	0.15294	0.262877
GO:0008965	16.0476	25.1986	20.8846
GO:0008966	59.5564	63.1667	76.9179
GO:0008967	43.222	34.1733	34.2202
GO:0008972	0.105683	0.0708166	0.243752
GO:0008973	22.4618	28.232	23.2114
GO:0008977	58.5705	63.1192	61.6974
GO:0008979	1e-05	1e-05	1e-05
GO:0008980	1e-05	1e-05	1e-05
GO:0008982	379.171	475.558	428.284
GO:0008983	26.3392	37.7532	48.722
GO:0008984	97.557	98.8375	97.2133
GO:0008986	0.322516	0.352955	0.495985
GO:0008987	79.0776	86.3151	88.7446
GO:0008989	1e-05	1e-05	1e-05
GO:0008993	1e-05	1e-05	1e-05
GO:0008998	0.121465	0.059683	0.0912236
GO:0008999	1.58729	3.346	1.22769
GO:0009001	41.6856	18.8175	25.6384
GO:0009002	95.1614	76.4782	77.3469
GO:0009007	34.3512	34.5571	37.9433
GO:0009010	1e-05	1e-05	1e-05
GO:0009011	161.329	191.763	199.654
GO:0009013	1e-05	1e-05	1e-05
GO:0009014	1e-05	1e-05	1e-05
GO:0009017	1e-05	1e-05	1e-05
GO:0009018	1e-05	1e-05	1e-05
GO:0009022	41.7264	44.7456	49.8565
GO:0009024	216.128	206.169	207.117
GO:0009025	1e-05	1e-05	1e-05
GO:0009026	0.0489934	1e-05	1e-05
GO:0009027	1e-05	1e-05	1e-05
GO:0009028	0.0197914	1e-05	1e-05
GO:0009030	0.872342	0.508174	1.04805
GO:0009032	1e-05	1e-05	1e-05
GO:0009033	1e-05	1e-05	1e-05
GO:0009034	2.26893	0.870287	0.332439
GO:0009035	0.0671032	0.0825362	0.0687908
GO:0009036	1e-05	1e-05	1e-05
GO:0009037	100.221	67.0833	66.3327
GO:0009039	2.2221	1.13578	1.02724
GO:0009045	1e-05	1e-05	1e-05
GO:0009055	14837.9	10529.7	11709.4
GO:0009378	53.3793	65.5055	62.3641
GO:0009381	76.1268	83.328	86.4396
GO:0009389	1e-05	1e-05	1e-05
GO:0009678	46.8286	34.4745	27.1477
GO:0009882	0.0304632	1e-05	1e-05
GO:0009927	0.0390654	1e-05	1e-05
GO:0009982	282.881	223.807	224.307
GO:0010181	871.377	763.525	831.394
GO:0010285	21.7579	20.9314	14.832
GO:0010340	0.2764	0.618316	0.212515
GO:0015020	1e-05	1e-05	1e-05
GO:0015035	2201.69	1439.39	1827.91
GO:0015036	1e-05	1e-05	1e-05
GO:0015075	19.128	35.2874	17.3804
GO:0015078	996.899	1155.27	1167.5
GO:0015079	0.876125	0.256746	0.343382
GO:0015081	66.4675	57.0023	46.845
GO:0015087	1.53742	0.476835	1.00187
GO:0015091	1e-05	1e-05	1e-05
GO:0015093	2.55047	3.75402	4.17142
GO:0015094	1e-05	1e-05	1e-05
GO:0015095	22.4521	20.5815	21.5822
GO:0015098	0.449155	0.352889	1.2966
GO:0015099	0.0478292	1e-05	1e-05
GO:0015103	2.3099	2.56268	1.55391
GO:0015105	0.185755	1e-05	1e-05
GO:0015109	1e-05	0.212775	0.121913
GO:0015112	1e-05	1e-05	1e-05
GO:0015113	1e-05	1e-05	1e-05
GO:0015116	1e-05	1e-05	0.0751824
GO:0015128	123.21	105.365	84.4667
GO:0015129	1e-05	1e-05	1e-05
GO:0015143	1e-05	1e-05	1e-05
GO:0015144	0.178543	1e-05	1e-05
GO:0015145	5.54124	4.0153	2.48895
GO:0015153	1e-05	1e-05	1e-05
GO:0015159	1e-05	1e-05	1e-05
GO:0015169	1e-05	1e-05	1e-05
GO:0015171	3.23389	1e-05	1e-05
GO:0015173	0.134886	1e-05	1e-05
GO:0015179	0.179351	1e-05	1e-05
GO:0015181	1e-05	1e-05	1e-05
GO:0015185	1e-05	1e-05	1e-05
GO:0015188	1e-05	1e-05	1e-05
GO:0015190	1e-05	1e-05	1e-05
GO:0015197	1e-05	1e-05	1e-05
GO:0015199	1e-05	1e-05	1e-05
GO:0015205	1e-05	1e-05	1e-05
GO:0015207	0.054588	1e-05	1e-05
GO:0015208	0.0530681	1e-05	1e-05
GO:0015210	0.0548468	1e-05	1e-05
GO:0015211	1e-05	1e-05	1e-05
GO:0015212	0.0584364	1e-05	1e-05
GO:0015213	0.0584364	1e-05	1e-05
GO:0015214	0.0584364	1e-05	1e-05
GO:0015218	0.0548468	1e-05	1e-05
GO:0015220	1e-05	1e-05	1e-05
GO:0015221	1e-05	1e-05	1e-05
GO:0015225	474.813	319.404	271.753
GO:0015230	0.0780984	1e-05	1e-05
GO:0015232	0.0756407	1e-05	1e-05
GO:0015233	1e-05	1e-05	1e-05
GO:0015234	6.56379	9.92735	9.90637
GO:0015235	0.0381599	1e-05	1e-05
GO:0015238	130.881	117.634	121.927
GO:0015288	0.781017	1e-05	1e-05
GO:0015291	1e-05	1e-05	1e-05
GO:0015292	1e-05	1e-05	1e-05
GO:0015293	0.350036	1e-05	1e-05
GO:0015294	0.0281348	1e-05	1e-05
GO:0015295	0.0261298	1e-05	1e-05
GO:0015297	133.283	120.197	123.48
GO:0015299	2.00582	1.11039	1.39514
GO:0015307	1e-05	1e-05	1e-05
GO:0015315	1e-05	1e-05	1e-05
GO:0015321	680.089	576.173	639.719
GO:0015333	1e-05	1e-05	1e-05
GO:0015343	1e-05	1e-05	1e-05
GO:0015385	1e-05	1e-05	1e-05
GO:0015386	1e-05	1e-05	1e-05
GO:0015388	1e-05	1e-05	1e-05
GO:0015407	1e-05	1e-05	1e-05
GO:0015412	1e-05	1e-05	0.0785896
GO:0015413	1e-05	1e-05	1e-05
GO:0015415	1.71157	0.901517	0.412869
GO:0015419	1272.55	1083.96	1110.28
GO:0015420	42.6066	32.102	34.4749
GO:0015424	13.1018	13.851	13.8828
GO:0015430	1e-05	1e-05	1e-05
GO:0015439	1e-05	1e-05	1e-05
GO:0015444	0.101479	1e-05	1e-05
GO:0015446	0.31359	1e-05	1e-05
GO:0015450	1792.4	1525.45	1752.16
GO:0015459	0.0427844	1e-05	1e-05
GO:0015473	0.203735	1e-05	1e-05
GO:0015481	1e-05	1e-05	1e-05
GO:0015487	0.212208	1e-05	1e-05
GO:0015489	0.0261298	1e-05	1e-05
GO:0015496	1e-05	1e-05	1e-05
GO:0015499	1e-05	1e-05	1e-05
GO:0015501	0.0613145	1e-05	1e-05
GO:0015503	0.0393888	1e-05	1e-05
GO:0015513	1e-05	1e-05	1e-05
GO:0015517	0.0554289	1e-05	1e-05
GO:0015518	0.0554289	1e-05	1e-05
GO:0015527	1e-05	1e-05	1e-05
GO:0015535	0.0554289	1e-05	1e-05
GO:0015538	0.103387	1e-05	1e-05
GO:0015542	0.0624787	1e-05	1e-05
GO:0015546	1e-05	1e-05	1e-05
GO:0015556	1e-05	1e-05	1e-05
GO:0015558	1e-05	1e-05	1e-05
GO:0015562	0.0861185	1e-05	1e-05
GO:0015565	1e-05	1e-05	1e-05
GO:0015568	0.0552672	1e-05	1e-05
GO:0015572	1e-05	1e-05	1e-05
GO:0015574	0.0431401	1e-05	1e-05
GO:0015577	1e-05	1e-05	1e-05
GO:0015591	0.109467	1e-05	1e-05
GO:0015592	0.212208	1e-05	1e-05
GO:0015594	50.9936	98.4303	104.586
GO:0015595	50.9279	98.4303	104.586
GO:0015606	1e-05	1e-05	1e-05
GO:0015612	4.79958	3.82395	3.25868
GO:0015614	1e-05	1e-05	1e-05
GO:0015616	1e-05	1e-05	1e-05
GO:0015620	0.0327593	1e-05	1e-05
GO:0015623	1e-05	1e-05	1e-05
GO:0015643	1e-05	1e-05	1e-05
GO:0015648	1e-05	1e-05	1e-05
GO:0015655	1e-05	1e-05	1e-05
GO:0015658	0.516032	1.11601	1.18974
GO:0015661	1e-05	1e-05	1e-05
GO:0015926	20.6395	15.454	14.4016
GO:0016149	217.129	236.443	226.088
GO:0016151	123.64	161.464	185.078
GO:0016153	4.555	2.92599	1.77538
GO:0016154	25.1916	41.2712	34.0698
GO:0016162	100.319	91.8518	104.811
GO:0016163	1.44442	0.836213	2.16848
GO:0016208	0.431271	1e-05	0.461639
GO:0016209	517.337	243.783	344.836
GO:0016298	1e-05	1e-05	1e-05
GO:0016301	1353.44	1272.8	1243.18
GO:0016405	0.47619	0.187709	0.517149
GO:0016407	0.0524537	0.0704043	1e-05
GO:0016410	1e-05	1e-05	1e-05
GO:0016413	1e-05	1e-05	1e-05
GO:0016415	1e-05	1e-05	1e-05
GO:0016416	1e-05	1e-05	1e-05
GO:0016429	15.2462	8.2845	11.0983
GO:0016430	1e-05	1e-05	1e-05
GO:0016434	1e-05	1e-05	1e-05
GO:0016437	1e-05	0.0178615	0.0614043
GO:0016462	84.084	105.757	109.841
GO:0016463	1.34029	2.67512	2.1443
GO:0016491	10297.8	8026.85	7621.57
GO:0016597	497.639	501.965	545.858
GO:0016614	40.605	36.3999	34.1845
GO:0016616	381.468	487.706	518.415
GO:0016620	1e-05	1e-05	1e-05
GO:0016624	4.77089	5.2151	5.23805
GO:0016625	281.721	280.777	276.6
GO:0016627	1e-05	1e-05	1e-05
GO:0016628	7.39054	7.57577	11.0282
GO:0016639	0.294898	0.109795	0.100799
GO:0016645	0.238855	0.2735	0.201
GO:0016651	68.0534	120.885	124.867
GO:0016652	0.0709192	0.285567	0.10908
GO:0016655	0.156229	1e-05	1e-05
GO:0016661	0.0709192	0.285567	0.10908
GO:0016667	1e-05	1e-05	1e-05
GO:0016668	1e-05	1e-05	1e-05
GO:0016671	1e-05	1e-05	1e-05
GO:0016682	0.023187	1e-05	1e-05
GO:0016692	91.2171	108.043	75.3205
GO:0016705	12.8244	5.29137	6.22444
GO:0016706	1e-05	1e-05	1e-05
GO:0016708	1e-05	1e-05	1e-05
GO:0016722	1e-05	1e-05	1e-05
GO:0016726	34.5337	26.5046	23.4627
GO:0016730	0.422055	0.283701	0.650205
GO:0016740	1505.15	1558.42	1593.6
GO:0016741	1e-05	1e-05	1e-05
GO:0016742	1e-05	1e-05	1e-05
GO:0016743	16.8578	14.7058	16.6064
GO:0016744	0.347061	0.266447	0.076401
GO:0016746	49.5157	52.8752	51.2694
GO:0016747	201.393	287.66	313.882
GO:0016755	4.19435	4.29486	5.19669
GO:0016757	213.466	212.029	207.87
GO:0016758	65.7839	61.4397	60.6222
GO:0016760	1e-05	1e-05	1e-05
GO:0016763	0.422896	1.27641	0.728719
GO:0016765	128.559	119.019	118.004
GO:0016772	0.234489	1e-05	1e-05
GO:0016773	64.5291	53.3961	52.7354
GO:0016774	0.248783	1e-05	0.61285
GO:0016775	46.4737	61.8042	53.3925
GO:0016776	1e-05	1e-05	1e-05
GO:0016779	463.134	435.155	459.621
GO:0016780	0.411124	0.431063	0.534235
GO:0016783	70.4174	95.2811	104.14
GO:0016787	3003.78	2604.06	2586.6
GO:0016788	293.836	258.192	257.244
GO:0016790	13.8948	8.14849	6.21626
GO:0016791	18.8859	24.3596	22.7806
GO:0016795	1e-05	1e-05	1e-05
GO:0016798	140.844	125.597	98.7041
GO:0016805	21.2198	23.1164	26.6542
GO:0016807	1e-05	1e-05	1e-05
GO:0016810	396.907	391.702	371.498
GO:0016811	6.15199	7.4956	6.49899
GO:0016812	1e-05	1e-05	1e-05
GO:0016813	17.6021	29.1499	23.9334
GO:0016817	1e-05	1e-05	1e-05
GO:0016818	0.151831	1e-05	1e-05
GO:0016820	0.557296	0.0469868	0.744661
GO:0016829	704.317	773.308	769.239
GO:0016831	0.0576602	0.0580336	0.177324
GO:0016832	55.465	45.198	51.4121
GO:0016833	0.252599	0.0565144	0.19431
GO:0016835	1e-05	1e-05	1e-05
GO:0016836	380.865	137.255	248.642
GO:0016837	0.0656156	1e-05	1e-05
GO:0016840	33.772	36.3649	40.1001
GO:0016851	57.0848	36.3545	41.9706
GO:0016852	1.36338	0.457866	0.419758
GO:0016853	348.075	360.901	337.048
GO:0016855	1e-05	1e-05	1e-05
GO:0016857	89.8748	88.9785	100.769
GO:0016861	8.15105	10.4749	8.87252
GO:0016862	65.2845	43.3716	28.5364
GO:0016868	22.7957	31.5825	29.9251
GO:0016869	1e-05	1e-05	1e-05
GO:0016872	0.524763	0.791896	0.404388
GO:0016874	196.398	269.232	281.394
GO:0016878	1e-05	1e-05	1e-05
GO:0016879	73.8471	72.136	79.196
GO:0016881	23.9263	21.6319	23.5333
GO:0016884	1162.66	1075.61	1246.55
GO:0016887	2076.13	2193.85	2440.02
GO:0016888	29.6912	41.0375	46.0516
GO:0016901	1e-05	1e-05	1e-05
GO:0016903	114.344	134.099	166.456
GO:0016920	67.0996	88.171	78.6609
GO:0016966	1e-05	1e-05	1e-05
GO:0016985	135.834	117.098	128.966
GO:0016987	1065.32	991.807	1021.57
GO:0016989	4.4064	4.12021	4.88044
GO:0016992	39.0065	37.2339	30.6123
GO:0016993	0.0686555	0.276473	0.158398
GO:0016994	0.340787	0.171605	0.393172
GO:0017057	1e-05	1e-05	1e-05
GO:0017061	80.0514	87.092	90.3719
GO:0017103	12.0259	18.278	15.3531
GO:0017108	0.0772576	0.103718	0.475343
GO:0017111	132.293	134.008	120.129
GO:0017116	0.0384186	1e-05	1e-05
GO:0017150	114.182	94.8384	85.0827
GO:0017153	1e-05	1e-05	1e-05
GO:0018455	1e-05	1e-05	1e-05
GO:0018492	33.6393	37.8473	43.6714
GO:0018493	2.40061	1.62173	2.70077
GO:0018537	17.9235	7.34774	8.43702
GO:0018580	24.2261	47.2665	39.3985
GO:0018697	1.36341	0.836213	2.14768
GO:0018738	1e-05	1e-05	1e-05
GO:0018741	1e-05	1e-05	1e-05
GO:0018759	0.874961	0.160406	0.428189
GO:0018801	16.441	17.9128	15.8808
GO:0019003	1e-05	1e-05	1e-05
GO:0019104	171.073	108.132	107.603
GO:0019107	1e-05	1e-05	1e-05
GO:0019134	104.702	129.738	131.475
GO:0019143	1e-05	1e-05	1e-05
GO:0019144	1e-05	1e-05	1e-05
GO:0019146	0.0772576	1e-05	1e-05
GO:0019148	1e-05	1e-05	1e-05
GO:0019159	1e-05	1e-05	1e-05
GO:0019164	930.088	1142.75	1160.31
GO:0019172	0.175277	1e-05	1e-05
GO:0019180	1e-05	1e-05	1e-05
GO:0019239	119.676	125.444	133.282
GO:0019808	32.8495	72.8267	83.8084
GO:0019825	1e-05	1e-05	1e-05
GO:0019829	45.92	55.2495	79.3547
GO:0019843	7408.42	7748.98	8672.29
GO:0020037	45.9608	54.3817	64.733
GO:0022820	25.4754	26.9227	25.7575
GO:0022857	0.102935	1e-05	1e-05
GO:0022872	0.0426873	1e-05	1e-05
GO:0022877	8.55328	14.3406	18.3597
GO:0022885	61.1063	35.7906	39.2775
GO:0022889	1e-05	1e-05	1e-05
GO:0022891	0.0769342	1e-05	1e-05
GO:0030060	1e-05	0.104847	0.240295
GO:0030145	463.56	485.236	545.885
GO:0030151	17.7204	19.7137	18.5172
GO:0030170	1844.18	1890.42	1891.96
GO:0030234	418.149	269.392	282.021
GO:0030246	887.145	857.024	951.603
GO:0030248	349.076	317.694	368.944
GO:0030266	1e-05	1e-05	1e-05
GO:0030268	28.2812	10.4144	10.4726
GO:0030269	22.9934	18.9856	22.4062
GO:0030270	2.66469	0.893184	0.989756
GO:0030272	97.9911	85.4843	112.805
GO:0030337	1.1055	0.519394	0.595043
GO:0030409	4.76219	4.42169	2.07255
GO:0030410	0.19869	0.165789	0.458381
GO:0030515	1e-05	1.44687	3.85666
GO:0030599	0.332929	0.349135	0.495139
GO:0030604	18.452	23.586	25.5152
GO:0030674	1e-05	1e-05	1e-05
GO:0030697	1e-05	1e-05	1e-05
GO:0030698	42.0487	49.4214	49.5534
GO:0030699	113.778	154.387	115.624
GO:0030788	0.471145	0.513556	0.226492
GO:0030798	1e-05	1e-05	1e-05
GO:0030955	90.918	114.013	91.3702
GO:0030976	711.694	734.696	857.798
GO:0030983	96.6145	100.232	91.8449
GO:0031071	130.986	99.4755	114.906
GO:0031176	96.3288	102.867	127.287
GO:0031218	20.6395	15.454	14.4016
GO:0031220	1e-05	1e-05	1e-05
GO:0031402	1e-05	1e-05	1e-05
GO:0031418	1e-05	1e-05	1e-05
GO:0031419	170.708	238.668	253.182
GO:0031956	0.0216994	1e-05	1e-05
GO:0031992	1e-05	1e-05	1e-05
GO:0032135	1e-05	1e-05	1e-05
GO:0032450	1e-05	1e-05	1e-05
GO:0032549	59.6743	73.3699	74.5482
GO:0033094	27.8609	46.613	40.5953
GO:0033592	0.027294	1e-05	1e-05
GO:0033608	1e-05	1e-05	1e-05
GO:0033680	0.0256771	1e-05	1e-05
GO:0033721	1e-05	1e-05	1e-05
GO:0033726	39.5824	80.2354	70.1212
GO:0033739	1e-05	1e-05	1e-05
GO:0033743	1.40121	1.68072	1.99371
GO:0033748	1e-05	1e-05	1e-05
GO:0033764	1e-05	1e-05	1e-05
GO:0033785	1e-05	1e-05	1e-05
GO:0033786	1e-05	1e-05	1e-05
GO:0033794	22.4047	31.4085	30.153
GO:0033795	22.4047	31.4085	30.153
GO:0033817	21.9105	28.3962	18.499
GO:0033818	37.8774	62.7221	91.367
GO:0033819	1e-05	1e-05	1e-05
GO:0033856	0.0555582	1e-05	1e-05
GO:0033862	333.813	224.319	190.647
GO:0033883	0.0419435	1e-05	1e-05
GO:0033897	1e-05	1e-05	1e-05
GO:0033905	20.6253	25.6185	38.1925
GO:0033971	0.246875	1e-05	1e-05
GO:0033990	0.131458	1e-05	1e-05
GO:0034015	1e-05	1e-05	1e-05
GO:0034023	35.6437	36.4129	28.6754
GO:0034028	1e-05	1e-05	1e-05
GO:0034038	0.0417172	1e-05	0.28919
GO:0034039	0.0819791	0.0550169	0.189038
GO:0034040	0.040456	1e-05	1e-05
GO:0034200	1e-05	1e-05	1e-05
GO:0034257	9.66661	7.03481	6.88935
GO:0034567	1e-05	1e-05	1e-05
GO:0034618	66.983	57.1298	46.3072
GO:0034639	0.215603	1e-05	1e-05
GO:0034700	1e-05	1e-05	1e-05
GO:0034979	170.964	132.763	111.654
GO:0035312	0.0883498	1e-05	1e-05
GO:0035368	1e-05	1e-05	1e-05
GO:0035438	1947.91	1436.29	1387.52
GO:0035527	1e-05	1e-05	1e-05
GO:0036009	13.8792	13.9485	11.9222
GO:0036094	2.54177	1.3843	1.86282
GO:0036131	1e-05	1e-05	1e-05
GO:0036355	1.83132	2.07163	2.49507
GO:0036356	0.363424	0.174296	0.199235
GO:0036361	39.929	36.1008	34.0965
GO:0036374	1e-05	1e-05	1e-05
GO:0036380	1e-05	1e-05	1e-05
GO:0036381	2.81018	0.79411	2.39159
GO:0036439	24.5134	32.5297	33.8568
GO:0042132	1e-05	0.156587	0.0717752
GO:0042242	0.0271	0.127222	0.208287
GO:0042277	1e-05	1e-05	1e-05
GO:0042279	1e-05	1e-05	1e-05
GO:0042286	11.4639	10.7565	13.6374
GO:0042301	1e-05	1e-05	1e-05
GO:0042577	0.175277	1e-05	1e-05
GO:0042586	107.225	86.829	78.8803
GO:0042602	1e-05	1e-05	1e-05
GO:0042623	1e-05	1e-05	1e-05
GO:0042626	259.123	232.65	232.597
GO:0042781	0.208812	1e-05	0.321024
GO:0042802	83.1425	73.2713	80.3926
GO:0042803	0.748484	0.256333	0.689474
GO:0042834	1e-05	1e-05	1e-05
GO:0042888	1e-05	1e-05	1e-05
GO:0042907	1e-05	1e-05	1e-05
GO:0042912	1e-05	1e-05	1e-05
GO:0042925	1e-05	1e-05	1e-05
GO:0042931	0.0587598	1e-05	1e-05
GO:0042936	1e-05	1e-05	1e-05
GO:0042937	1e-05	1e-05	1e-05
GO:0042945	1e-05	1e-05	1e-05
GO:0042954	1e-05	1e-05	1e-05
GO:0042958	1e-05	1e-05	1e-05
GO:0042972	10.4741	7.08042	7.09522
GO:0043022	480.474	495.458	534.163
GO:0043023	38.8289	44.8502	44.2985
GO:0043024	1e-05	1e-05	1e-05
GO:0043115	34.0244	24.1863	24.9796
GO:0043136	0.193645	1e-05	1e-05
GO:0043140	0.0384186	1e-05	1e-05
GO:0043141	32.8534	28.2005	25.3602
GO:0043142	1e-05	1e-05	1e-05
GO:0043169	44.7865	40.772	36.1533
GO:0043295	1e-05	1e-05	1e-05
GO:0043365	251.047	276.162	326.89
GO:0043492	1e-05	1e-05	1e-05
GO:0043531	0.0418465	1e-05	1e-05
GO:0043546	0.0230576	1e-05	1e-05
GO:0043565	319.185	285.679	298.457
GO:0043621	1e-05	1e-05	1e-05
GO:0043714	0.192837	1e-05	0.222513
GO:0043726	1e-05	1e-05	1e-05
GO:0043737	8.24891	8.1438	5.81506
GO:0043740	2.42383	0.469695	0.828871
GO:0043752	13.1028	7.27764	10.0231
GO:0043755	4.3977	5.21243	6.70068
GO:0043761	1.75351	1.02104	1.3061
GO:0043765	1e-05	1e-05	1e-05
GO:0043766	0.262915	0.154329	0.379046
GO:0043768	1e-05	1e-05	1e-05
GO:0043772	125.987	142.067	122.632
GO:0043773	0.265502	0.14248	0.366486
GO:0043781	0.471145	0.513556	0.226492
GO:0043801	0.332153	0.162121	0.742945
GO:0043805	79.4731	53.7129	48.3755
GO:0043807	93.9611	66.9468	59.1111
GO:0043814	1e-05	1e-05	0.238231
GO:0043815	0.124181	1e-05	1e-05
GO:0043817	0.670579	0.415307	1.54662
GO:0043821	0.0829169	1e-05	1e-05
GO:0043825	1e-05	1e-05	1e-05
GO:0043838	1e-05	1e-05	1e-05
GO:0043884	0.0524537	0.0704043	1e-05
GO:0043887	0.212208	1e-05	1e-05
GO:0043917	0.446632	0.266599	0.532295
GO:0043957	1e-05	1e-05	1e-05
GO:0044183	1e-05	1e-05	1e-05
GO:0044212	0.379206	1e-05	1e-05
GO:0044318	20.0365	25.8602	25.377
GO:0044610	0.0780984	1e-05	1e-05
GO:0044667	1e-05	1e-05	1e-05
GO:0044689	1.09606	0.656687	0.81472
GO:0044822	2.72633	1.30741	1.9968
GO:0045127	0.0424286	1e-05	1e-05
GO:0045148	1.70061	3.00514	2.4798
GO:0045330	0.332929	0.349135	0.495139
GO:0045437	1e-05	1e-05	1e-05
GO:0045550	1.37405	1.02676	1.31692
GO:0046026	0.0551701	0.111293	0.0849563
GO:0046316	1e-05	1e-05	1e-05
GO:0046429	85.8727	81.4814	82.3387
GO:0046523	44.7121	38.2325	42.5619
GO:0046537	613.033	487.742	490.414
GO:0046538	253.308	312.144	234.611
GO:0046553	1e-05	1e-05	1e-05
GO:0046555	17.9495	16.3192	20.9763
GO:0046556	28.5563	18.1504	20.5277
GO:0046790	1e-05	1e-05	1e-05
GO:0046820	1e-05	1e-05	1e-05
GO:0046857	1e-05	1e-05	1e-05
GO:0046870	1e-05	1e-05	1e-05
GO:0046872	11534.1	10502	11565.1
GO:0046873	243.191	200.241	204.958
GO:0046912	107.523	94.517	101.227
GO:0046914	189.499	98.1613	97.9464
GO:0046917	0.0842105	0.113029	0.0645628
GO:0046933	832.309	1035.43	1075.64
GO:0046961	300.262	412.093	433.771
GO:0046982	1.73427	0.591752	0.713151
GO:0046983	63.4518	61.57	71.7053
GO:0047001	1e-05	1e-05	1e-05
GO:0047017	1e-05	1e-05	1e-05
GO:0047068	5.72751	2.1895	2.31429
GO:0047111	0.0111569	1e-05	1e-05
GO:0047134	1e-05	1e-05	1e-05
GO:0047138	1e-05	1e-05	1e-05
GO:0047151	42.0487	49.4214	49.5534
GO:0047154	123.774	126.004	191.309
GO:0047241	1e-05	1e-05	1e-05
GO:0047244	7.05007	5.81415	5.00743
GO:0047270	0.148694	1e-05	1e-05
GO:0047294	0.378915	0.327171	0.291528
GO:0047295	0.092942	0.187014	0.10719
GO:0047298	1e-05	1e-05	1e-05
GO:0047310	8.3998	8.5926	6.04406
GO:0047324	0.0350877	1e-05	1e-05
GO:0047334	164.662	233.258	278.781
GO:0047355	21.648	22.5462	19.301
GO:0047360	57.8469	36.2974	35.8816
GO:0047372	100.76	177.056	127.162
GO:0047429	132.151	133.484	119.472
GO:0047440	1e-05	1e-05	1e-05
GO:0047451	72.3142	46.1825	52.541
GO:0047475	85.3541	95.1987	103.56
GO:0047480	103.798	117.118	118.453
GO:0047527	1e-05	1e-05	1e-05
GO:0047553	244.684	296.317	302.593
GO:0047617	1e-05	1e-05	1e-05
GO:0047631	82.9162	62.3987	64.0822
GO:0047693	1e-05	1e-05	1e-05
GO:0047760	16.1112	21.0374	23.8122
GO:0047761	51.9546	26.1416	18.4366
GO:0047850	47.6459	45.7581	47.5035
GO:0047952	24.5134	32.5297	33.8568
GO:0048001	1e-05	1e-05	1e-05
GO:0048029	64.6015	49.5806	49.2977
GO:0048037	369.057	238.458	309.585
GO:0048038	97.0807	169.089	177.225
GO:0048040	0.0819791	0.0274976	0.0630458
GO:0048472	34.9722	25.9179	28.0006
GO:0050081	1e-05	1e-05	1e-05
GO:0050089	1e-05	1e-05	1e-05
GO:0050136	12.6874	10.3754	9.38924
GO:0050163	0.042752	1e-05	1e-05
GO:0050182	110.934	97.0631	80.2442
GO:0050225	0.112378	1e-05	1e-05
GO:0050242	78.337	113.804	111.507
GO:0050263	0.040844	1e-05	1e-05
GO:0050270	28.9665	33.0883	40.4601
GO:0050297	1e-05	1e-05	1e-05
GO:0050308	0.235589	1e-05	1e-05
GO:0050355	9.25041	8.16498	10.5247
GO:0050380	28.5416	27.3549	35.2135
GO:0050418	0.667248	0.931467	1.06713
GO:0050454	8.95946	9.30224	14.0663
GO:0050462	39.8759	36.2254	48.2055
GO:0050480	0.722321	0.523626	0.222239
GO:0050485	39.6642	62.3147	54.2061
GO:0050492	26.5214	36.0669	34.4512
GO:0050511	22.9967	23.7419	31.9707
GO:0050515	27.9916	22.7673	25.2185
GO:0050518	30.9616	38.2172	32.7589
GO:0050524	6.70278	5.00675	8.37245
GO:0050532	36.6541	35.9121	34.7994
GO:0050545	1e-05	0.212775	0.060509
GO:0050560	21.7855	26.4339	31.8326
GO:0050567	73.456	76.0985	66.7557
GO:0050568	26.73	35.0295	38.4534
GO:0050569	1e-05	1e-05	1e-05
GO:0050570	14.7049	10.6946	11.8434
GO:0050572	0.0733446	1e-05	1e-05
GO:0050583	70.9831	63.8474	64.6092
GO:0050605	90.5291	86.3606	72.8676
GO:0050660	775.812	863.082	966.175
GO:0050661	1198.88	1463.19	1327.78
GO:0050662	172.648	171.785	158.54
GO:0050782	1e-05	1e-05	1e-05
GO:0050797	19.1002	29.5605	26.6489
GO:0050897	7.89793	8.9755	7.25927
GO:0051060	16.2434	12.5328	10.7321
GO:0051073	18.2461	14.1724	14.6174
GO:0051108	1e-05	1e-05	1e-05
GO:0051109	1e-05	1e-05	1e-05
GO:0051116	0.12997	0.0784994	0.0799574
GO:0051213	35.3734	63.7715	60.6024
GO:0051287	1952.44	2363.33	2398.32
GO:0051392	1e-05	1e-05	1e-05
GO:0051536	967.25	1067.48	1076.2
GO:0051537	468.847	394.601	384.985
GO:0051538	117.459	153.421	186.272
GO:0051539	5105.05	4459.53	5080.38
GO:0051575	1e-05	1e-05	1e-05
GO:0051745	120.281	156.184	188.3
GO:0051903	0.0336971	1e-05	1e-05
GO:0051908	1e-05	1e-05	1e-05
GO:0051912	8.38619	5.81855	9.47997
GO:0051920	1086.05	807.853	838.002
GO:0051978	0.0610558	1e-05	1e-05
GO:0051989	8.56095	10.8358	9.71208
GO:0051991	22.9967	23.7419	31.9707
GO:0051992	90.4831	93.432	114.141
GO:0052381	41.2526	31.7636	29.0909
GO:0052591	1e-05	1e-05	1e-05
GO:0052618	0.265502	0.14248	0.366486
GO:0052619	0.265502	0.14248	0.366486
GO:0052621	0.122855	1e-05	1e-05
GO:0052654	72.7064	70.705	74.8858
GO:0052655	72.7064	70.705	74.8858
GO:0052656	72.7064	70.705	74.8858
GO:0052657	13.5116	15.2169	12.1415
GO:0052665	1e-05	1e-05	1e-05
GO:0052666	1e-05	1e-05	1e-05
GO:0052689	0.938313	0.827684	0.988637
GO:0052692	1e-05	1e-05	1e-05
GO:0052693	1e-05	1e-05	1e-05
GO:0052717	111.286	75.5548	96.6719
GO:0052733	1e-05	1e-05	1e-05
GO:0052734	1e-05	1e-05	1e-05
GO:0052737	1e-05	1e-05	1e-05
GO:0052832	39.8263	40.6059	32.6609
GO:0052833	39.8263	40.6059	32.6609
GO:0052855	90.9308	100.463	87.6348
GO:0052856	1e-05	1e-05	1e-05
GO:0052857	1e-05	1e-05	1e-05
GO:0052875	1e-05	1e-05	1e-05
GO:0052890	1e-05	1e-05	1e-05
GO:0052906	39.2177	51.3478	46.2959
GO:0052908	19.2502	19.5427	19.1622
GO:0052911	1e-05	1e-05	1e-05
GO:0052913	16.2693	9.63987	12.8537
GO:0052914	1e-05	1e-05	1e-05
GO:0052915	1e-05	1e-05	1e-05
GO:0052916	1e-05	1e-05	1e-05
GO:0052927	1e-05	0.0178615	0.0614043
GO:0052928	1e-05	0.0178615	0.0614043
GO:0052929	1e-05	0.0178615	0.0614043
GO:0060698	1e-05	1e-05	1e-05
GO:0061593	1e-05	1e-05	1e-05
GO:0061594	1e-05	1e-05	1e-05
GO:0061595	1e-05	1e-05	1e-05
GO:0061596	1e-05	1e-05	1e-05
GO:0061597	16.0923	22.7354	16.5919
GO:0061599	1e-05	1e-05	1e-05
GO:0061602	1e-05	1e-05	1e-05
GO:0061603	0.14006	1e-05	0.303291
GO:0061634	1e-05	1e-05	1e-05
GO:0061710	42.3158	37.0345	33.0736
GO:0061711	42.4609	36.0706	33.2499
GO:0061712	0.229186	1e-05	0.0442191
GO:0070006	81.1036	88.1008	128.593
GO:0070008	1e-05	1e-05	1e-05
GO:0070011	0.0547174	1e-05	1e-05
GO:0070038	98.9911	83.2311	84.975
GO:0070039	1e-05	1e-05	1e-05
GO:0070040	33.2572	31.5624	33.2804
GO:0070041	1e-05	1e-05	1e-05
GO:0070043	10.6112	18.3224	20.0551
GO:0070180	461.223	607.724	730.52
GO:0070181	50.8204	58.9049	57.524
GO:0070402	18.7702	23.586	25.9558
GO:0070403	170.964	132.763	111.654
GO:0070491	0.0304632	1e-05	1e-05
GO:0070626	2.78114	3.37398	4.32549
GO:0070677	16.7342	19.7208	22.8476
GO:0070967	0.0588891	0.276647	1e-05
GO:0071111	0.189344	1e-05	1e-05
GO:0071424	814.82	609.254	622.777
GO:0071713	0.0557199	1e-05	1e-05
GO:0071916	0.0780984	1e-05	1e-05
GO:0071949	1.1448	0.852447	1.16711
GO:0071972	1e-05	1e-05	1e-05
GO:0080100	8.3998	8.5926	6.04406
GO:0080130	103.392	69.6754	65.7772
GO:0080146	1e-05	1e-05	1e-05
GO:0080176	1e-05	1e-05	1e-05
GO:0089714	1e-05	1e-05	1e-05
GO:0090582	0.0209879	1e-05	1e-05
GO:0090589	0.0431401	1e-05	1e-05
GO:0090613	0.0570135	1e-05	1e-05
GO:0090614	28.9094	33.0883	40.4601
GO:0097098	0.0256771	1e-05	1e-05
GO:1901682	1e-05	1e-05	1e-05
GO:1990663	0.431174	0.353627	0.257804
GO:2001070	540.485	405.859	383.819
