id	T7A	T7B	T7C
GO:0000014	0.367933	0.457588	0.158851
GO:0000030	2.75771	4.38419	2.53579
GO:0000034	0.273796	0.127232	0.163663
GO:0000036	71.8587	136.691	43.4545
GO:0000049	722.889	984.375	637.77
GO:0000062	0.0611642	1e-05	0.065864
GO:0000104	0.13577	0.0702438	0.227194
GO:0000107	12.5845	22.2865	9.78513
GO:0000150	78.5557	110.849	2.14012
GO:0000155	124.388	132.911	71.7961
GO:0000156	9.92015	9.1295	3.93995
GO:0000166	300.909	277.657	401.183
GO:0000175	57.6284	71.3135	35.4858
GO:0000179	10.0897	12.831	11.6088
GO:0000213	1e-05	0.514297	0.265668
GO:0000286	0.103745	0.321908	0.111701
GO:0000287	1421.82	1511.25	795.245
GO:0000309	0.227832	0.235748	1e-05
GO:0000703	1e-05	1e-05	0.0757071
GO:0000774	68.8548	55.9641	28.5844
GO:0000906	34.9726	68.698	8.56327
GO:0000908	1e-05	1e-05	0.0692422
GO:0000986	0.668882	1e-05	0.149834
GO:0000987	0.261482	1e-05	0.905059
GO:0001046	0.261482	1e-05	1e-05
GO:0001047	1e-05	1e-05	0.0604685
GO:0001071	1e-05	1e-05	0.175378
GO:0001141	0.096708	1e-05	0.05675
GO:0001671	1e-05	1e-05	0.0933276
GO:0001727	0.300724	1e-05	1e-05
GO:0002161	136.511	160.214	166.763
GO:0002935	8.76191	11.4019	1.7819
GO:0003676	765.785	952.349	426.432
GO:0003677	6810.64	8558.09	3409.82
GO:0003678	15.4146	22.9156	15.5995
GO:0003684	239.93	227.423	99.057
GO:0003688	35.2201	28.7931	14.7935
GO:0003689	0.305686	0.741224	0.283823
GO:0003690	50.944	69.1489	18.1782
GO:0003697	313.188	384.875	247.925
GO:0003700	1412.67	1497.58	644.52
GO:0003723	1872.97	2082.17	1277.74
GO:0003725	22.1506	33.4815	11.6965
GO:0003729	38.3799	68.476	86.582
GO:0003735	10951.1	16703.6	8229.72
GO:0003743	255.318	285.346	205.112
GO:0003746	923.849	1109.04	775.748
GO:0003755	106.437	140.255	28.2401
GO:0003756	1e-05	1e-05	0.0814186
GO:0003774	47.2098	61.3966	16.2424
GO:0003796	1e-05	1e-05	0.145265
GO:0003824	1318.74	1503.87	699.197
GO:0003825	1e-05	0.139181	0.162546
GO:0003839	1.69992	1.46588	1e-05
GO:0003840	1e-05	1e-05	0.0455458
GO:0003841	28.0874	47.2479	5.997
GO:0003842	8.30773	7.17812	8.85997
GO:0003844	3.84514	4.09104	1.36577
GO:0003848	9.93977	13.559	4.28636
GO:0003849	32.7505	33.5688	4.18625
GO:0003852	17.482	21.0982	5.77365
GO:0003855	4.24162	8.26109	1.7619
GO:0003856	9.45835	18.1819	2.023
GO:0003857	1e-05	1e-05	0.172705
GO:0003861	32.7989	50.8153	5.11868
GO:0003862	10.3715	16.5553	3.44379
GO:0003863	14.7641	6.9546	142.466
GO:0003864	18.6951	17.4858	32.1491
GO:0003866	52.7328	54.9409	12.841
GO:0003867	0.079748	1e-05	0.0217764
GO:0003871	0.0580519	0.120138	0.0427751
GO:0003872	315.56	427.652	246.242
GO:0003879	1.07263	0.569185	3.47225
GO:0003882	1e-05	1e-05	0.0402961
GO:0003883	43.9147	48.9384	85.0452
GO:0003886	0.14213	1e-05	1e-05
GO:0003887	249.633	251.833	208.94
GO:0003896	60.9245	71.8558	31.9117
GO:0003899	219.41	286.284	315.524
GO:0003904	0.151828	0.196403	0.265935
GO:0003906	64.016	57.4055	43.758
GO:0003908	2.62726	1.01576	1e-05
GO:0003909	0.33505	1e-05	0.090241
GO:0003910	0.117502	0.060769	0.110778
GO:0003911	12.25	13.9555	11.2177
GO:0003917	22.6093	31.9729	25.3989
GO:0003918	72.4523	79.4752	51.9641
GO:0003919	21.7148	25.8023	13.7662
GO:0003922	43.3631	57.3625	55.8796
GO:0003924	623.205	833.978	516.442
GO:0003933	0.0558868	1e-05	0.0602254
GO:0003934	39.3276	54.1174	23.8375
GO:0003935	9.7049	14.1421	2.5136
GO:0003937	2.16578	2.87719	1.77714
GO:0003938	77.2617	98.2007	76.3286
GO:0003939	11.3134	14.1858	1.04194
GO:0003941	0.127967	1e-05	0.311432
GO:0003942	11.4758	9.99179	3.32244
GO:0003949	14.147	15.8037	9.34921
GO:0003951	71.8881	86.9837	38.0711
GO:0003952	67.867	71.3757	108.632
GO:0003954	39.1071	53.0885	16.142
GO:0003957	0.07208	1e-05	0.0953691
GO:0003960	1e-05	1e-05	0.0582811
GO:0003961	9.78537	11.5092	1.46716
GO:0003962	1e-05	1e-05	0.0480734
GO:0003963	0.208752	0.216099	0.281003
GO:0003977	39.6301	49.9847	23.5292
GO:0003978	23.1202	27.4436	2.80024
GO:0003979	7.76041	9.02206	2.85264
GO:0003983	10.0443	17.7693	3.41416
GO:0003984	56.9879	82.7444	12.547
GO:0003985	2.51143	2.18932	26.0746
GO:0003987	0.128914	0.603863	0.383591
GO:0003988	0.0881829	1e-05	0.0471013
GO:0003989	28.977	46.0647	42.5974
GO:0003991	3.07382	2.99197	0.871981
GO:0003992	1.84282	3.50888	1.36353
GO:0003993	22.903	21.6924	20.2842
GO:0003994	13.5628	12.6957	1.11551
GO:0003995	0.0908442	1e-05	0.178829
GO:0003999	56.7846	84.4916	88.2354
GO:0004000	1e-05	1e-05	0.028533
GO:0004003	45.9459	49.5754	21.3563
GO:0004004	0.14619	1e-05	0.160625
GO:0004008	12.8348	6.27298	15.9607
GO:0004013	38.2366	44.5623	21.1712
GO:0004014	237.286	260.647	109.31
GO:0004015	0.488592	0.0762647	0.10441
GO:0004016	1e-05	1e-05	1e-05
GO:0004017	19.5207	24.1066	53.9055
GO:0004018	16.5587	23.2638	7.46453
GO:0004019	38.9489	42.6664	32.5895
GO:0004020	16.2624	27.1204	0.225858
GO:0004021	1e-05	1e-05	0.0446465
GO:0004022	9.79498	16.1959	0.750704
GO:0004029	8.50823	7.17812	9.20205
GO:0004030	1.49279	2.94146	0.229819
GO:0004033	1e-05	1e-05	0.0585242
GO:0004034	1e-05	1e-05	0.0545626
GO:0004038	1e-05	1e-05	0.0191516
GO:0004040	0.83776	0.933472	1.68811
GO:0004042	2.72961	4.14886	1.1043
GO:0004044	1.30908	2.69591	1.86755
GO:0004045	10.0405	14.3745	6.36462
GO:0004047	115.231	83.1919	124.331
GO:0004048	61.0337	28.4774	4.33166
GO:0004049	23.5143	8.84292	1.55218
GO:0004055	1.64106	2.45821	1.17517
GO:0004056	1.24525	2.88611	1.83717
GO:0004061	8.93453	13.0764	15.886
GO:0004065	0.0299506	1e-05	0.0322758
GO:0004066	0.393102	0.294744	0.134644
GO:0004067	17.6332	18.1148	29.9682
GO:0004068	38.7524	41.5762	32.504
GO:0004069	45.1778	29.3386	50.4774
GO:0004070	8.27571	6.44138	2.58926
GO:0004071	28.164	40.0307	11.4358
GO:0004072	11.6974	14.9357	1.67487
GO:0004073	9.45118	7.94898	2.6359
GO:0004075	0.422421	0.175073	0.223792
GO:0004076	0.219803	0.287043	0.059788
GO:0004077	339.463	176.381	115.225
GO:0004088	6.90132	9.60753	2.16722
GO:0004089	0.412813	0.229307	0.189401
GO:0004096	1e-05	1e-05	0.0460319
GO:0004106	0.306859	1e-05	0.237451
GO:0004107	18.0742	26.1658	6.57233
GO:0004108	1e-05	1e-05	0.0206827
GO:0004109	2.98933	5.12201	0.595133
GO:0004112	0.0499327	1e-05	0.04924
GO:0004113	20.1844	21.541	12.351
GO:0004121	0.0854314	1e-05	0.0234048
GO:0004124	651.524	951.259	13.9511
GO:0004125	13.8159	16.9223	14.1724
GO:0004126	12.621	22.0696	10.7453
GO:0004127	41.3772	70.0256	29.1597
GO:0004129	1e-05	1e-05	0.196595
GO:0004130	0.071674	1e-05	0.198613
GO:0004133	0.148355	1e-05	0.079936
GO:0004134	6.03654	8.18431	1.11361
GO:0004135	6.03654	8.18431	1.08846
GO:0004139	23.142	36.7928	21.7813
GO:0004140	12.4949	18.9319	12.0787
GO:0004141	1e-05	1e-05	0.0830956
GO:0004146	21.8931	34.7584	4.66723
GO:0004148	3.26326	2.76564	1.81986
GO:0004149	53.072	37.4275	202.561
GO:0004150	7.03361	8.11743	2.14257
GO:0004151	11.1362	10.3704	4.72378
GO:0004152	4.48253	5.48275	1.00087
GO:0004156	16.2992	24.6489	11.6509
GO:0004159	0.0414076	1e-05	1e-05
GO:0004160	14.1144	21.5619	2.69228
GO:0004161	1e-05	1e-05	0.129589
GO:0004164	0.139875	1e-05	1e-05
GO:0004165	1e-05	1e-05	0.0357513
GO:0004170	7.89036	13.9657	6.86179
GO:0004175	0.453319	0.781783	0.691475
GO:0004176	30.5671	33.9929	20.5285
GO:0004177	69.7048	73.8769	39.1428
GO:0004180	1e-05	1e-05	0.0897063
GO:0004181	24.7139	23.6485	33.8926
GO:0004190	114.689	157.683	129.999
GO:0004222	362.198	314.493	298.488
GO:0004252	790.361	631.27	528.585
GO:0004298	0.82689	1.07172	0.790368
GO:0004300	1e-05	1e-05	0.0966572
GO:0004309	0.0648178	1e-05	0.0349249
GO:0004314	4.24667	11.3359	4.29596
GO:0004315	60.8731	78.6508	58.1247
GO:0004316	22.4812	21.9544	124.386
GO:0004318	5.3981	9.73149	1.23664
GO:0004322	0.27587	1e-05	1e-05
GO:0004324	0.453319	1e-05	0.0814186
GO:0004325	1e-05	1e-05	0.119552
GO:0004326	49.7731	67.9008	79.2327
GO:0004329	80.5289	41.7646	119.647
GO:0004332	185.44	253.916	70.5795
GO:0004333	0.06784	1e-05	1e-05
GO:0004337	8.69064	13.6808	2.82965
GO:0004340	36.5988	38.3485	31.9038
GO:0004342	1e-05	1e-05	0.244256
GO:0004345	0.0680204	1e-05	0.0366505
GO:0004347	49.028	48.599	104.263
GO:0004348	4.47595	2.62324	1.10134
GO:0004349	9.75601	13.8472	1.34997
GO:0004350	23.6101	35.5493	9.73207
GO:0004351	1e-05	1e-05	0.27867
GO:0004352	121.684	174.766	4.32724
GO:0004353	42.0628	24.2408	21.4938
GO:0004355	12.0713	4.7306	0.40753
GO:0004356	139.119	92.2578	92.8436
GO:0004357	1e-05	1e-05	0.0496775
GO:0004358	2.72961	4.14886	1.1043
GO:0004359	3.56647	3.31775	4.05708
GO:0004360	11.7986	17.737	19.441
GO:0004362	0.0750119	1e-05	0.0403933
GO:0004363	0.338929	1e-05	0.0606872
GO:0004364	1e-05	1e-05	0.197665
GO:0004365	388.846	546.388	89.8909
GO:0004367	5.71376	8.36484	1.81461
GO:0004370	22.529	19.7167	15.8454
GO:0004371	39.0635	40.5883	44.0015
GO:0004372	48.212	64.9289	25.3314
GO:0004373	33.0288	41.8189	28.4469
GO:0004375	151.15	101.139	476.331
GO:0004385	47.9139	48.9749	12.9047
GO:0004386	149.244	143.155	132.18
GO:0004399	2.57124	3.66701	6.96807
GO:0004400	3.3081	1.96286	4.66186
GO:0004401	9.03607	17.6751	8.75213
GO:0004410	0.0879123	0.18198	1e-05
GO:0004412	11.865	14.3564	2.80816
GO:0004413	0.115202	1e-05	1e-05
GO:0004414	0.333381	0.40284	0.120013
GO:0004416	0.148851	1e-05	0.226611
GO:0004417	1e-05	0.0703838	0.0366505
GO:0004418	4.38637	3.26552	0.294711
GO:0004420	1e-05	0.357427	0.0465666
GO:0004421	1e-05	0.259319	0.189037
GO:0004422	22.5036	23.3354	11.2252
GO:0004424	9.9759	14.39	4.49285
GO:0004425	61.7953	24.0192	2.8671
GO:0004427	135.248	83.3802	350.8
GO:0004450	32.8214	47.411	2.75644
GO:0004452	1e-05	1e-05	0.121836
GO:0004455	23.3364	46.0472	5.5746
GO:0004457	1e-05	1e-05	0.048681
GO:0004459	42.5249	69.7876	3.46493
GO:0004462	1e-05	1e-05	1e-05
GO:0004467	9.61261	10.064	1.53993
GO:0004471	33.2483	50.5356	15.3671
GO:0004473	1e-05	1e-05	0.0227
GO:0004474	1e-05	1e-05	0.18194
GO:0004476	41.048	37.9514	103.536
GO:0004477	33.947	41.1356	23.0533
GO:0004478	25.0474	35.7417	30.3955
GO:0004479	5.62521	10.9253	4.75229
GO:0004488	25.4072	32.8006	13.5779
GO:0004489	8.30787	10.5936	2.36653
GO:0004492	1e-05	1e-05	0.0764362
GO:0004493	8.48653	8.23365	11.3162
GO:0004494	36.8775	30.2736	36.1934
GO:0004496	1e-05	1e-05	0.0638711
GO:0004497	1e-05	1e-05	0.0551702
GO:0004512	0.471046	0.292504	0.152362
GO:0004514	93.7577	69.951	92.4722
GO:0004515	22.6749	22.0643	5.16524
GO:0004516	4.54108	3.20363	1.62198
GO:0004518	56.1026	93.3309	77.3728
GO:0004519	135.311	164.86	62.1174
GO:0004520	1e-05	1e-05	0.117413
GO:0004521	113.639	134.103	63.9481
GO:0004523	46.736	59.4974	18.1838
GO:0004525	24.6458	40.0227	4.14681
GO:0004526	53.3508	66.7246	9.63527
GO:0004527	42.542	40.733	17.8597
GO:0004530	1e-05	1e-05	0.0871057
GO:0004534	7.60394	10.3592	0.768105
GO:0004540	16.4999	22.6071	3.7098
GO:0004549	19.5707	22.0906	3.27018
GO:0004550	240.466	295.443	164.016
GO:0004553	431.3	464.875	274.423
GO:0004555	0.222825	1e-05	0.0972162
GO:0004556	52.6217	40.8794	102.101
GO:0004557	1e-05	1e-05	0.0402961
GO:0004558	1e-05	1e-05	0.016867
GO:0004559	1e-05	1e-05	1e-05
GO:0004563	0.493599	2.15053	1.49941
GO:0004565	768.067	1e-05	2179.04
GO:0004568	9.09723	8.80582	5.29947
GO:0004576	0.231305	0.391592	0.228774
GO:0004585	22.6192	19.2095	53.6485
GO:0004586	0.0220119	1e-05	0.0726691
GO:0004588	4.54302	7.53597	6.57437
GO:0004589	4.48253	5.48275	0.944407
GO:0004590	3.98668	4.5419	2.30925
GO:0004591	1e-05	1e-05	0.00916263
GO:0004592	30.1788	35.9722	32.396
GO:0004594	87.0918	106.926	33.3553
GO:0004595	71.6573	82.5294	17.8463
GO:0004596	0.135454	1e-05	0.0736413
GO:0004601	656.057	790.92	283.434
GO:0004604	17.7178	28.8948	0.170566
GO:0004605	30.6151	30.7983	39.0069
GO:0004609	0.172802	0.35766	0.0296752
GO:0004612	106.482	47.5127	189.959
GO:0004613	74.5875	65.064	3.81639
GO:0004614	31.8566	38.8424	4.60829
GO:0004615	39.1816	23.6157	18.1422
GO:0004616	0.118855	1e-05	0.128496
GO:0004617	0.126027	0.326855	0.0564826
GO:0004618	308.669	275.861	116.198
GO:0004619	1e-05	1e-05	0.0757071
GO:0004622	1e-05	1e-05	0.0556806
GO:0004632	12.7659	18.6416	6.30447
GO:0004633	12.7659	18.6416	6.30447
GO:0004634	66.4705	66.6584	49.83
GO:0004635	7.12207	13.1668	5.267
GO:0004636	7.12207	12.643	5.61176
GO:0004637	3.38465	3.38472	2.48142
GO:0004638	0.0982867	1e-05	0.0529585
GO:0004639	27.5697	35.4669	17.3501
GO:0004640	205.588	91.8732	19.0113
GO:0004641	4.4925	8.12476	3.36893
GO:0004642	32.3531	27.1087	40.4669
GO:0004643	2.16578	2.87719	1.61829
GO:0004644	2.51355	4.85765	2.68215
GO:0004645	28.296	24.7419	31.3666
GO:0004647	0.379841	0.348792	0.145095
GO:0004648	30.0663	38.8084	3.83627
GO:0004652	0.0742451	1e-05	1e-05
GO:0004654	56.928	69.6844	35.2737
GO:0004655	11.1226	17.2936	0.146456
GO:0004657	1e-05	1e-05	0.00636766
GO:0004658	20.9167	24.1489	39.7308
GO:0004659	52.4815	60.4989	57.9151
GO:0004664	13.3233	18.4487	2.13837
GO:0004665	12.9249	16.9319	3.62641
GO:0004672	288.997	264.399	82.9682
GO:0004673	82.1481	109.279	18.1018
GO:0004674	51.0405	61.5723	24.267
GO:0004683	1e-05	1e-05	0.0556077
GO:0004712	0.0620212	0.192435	0.116927
GO:0004713	0.0892204	1e-05	0.0241339
GO:0004715	0.150339	0.0778049	0.0810054
GO:0004719	0.714034	1e-05	0.198345
GO:0004721	34.6039	43.7269	25.5691
GO:0004722	53.3818	47.8396	15.2474
GO:0004725	65.5947	70.367	19.8057
GO:0004730	3.26796	3.38192	2.14196
GO:0004731	35.7072	38.8967	30.3905
GO:0004733	55.7947	61.2934	5.39805
GO:0004735	19.5061	20.7372	2.63074
GO:0004736	6.13248	6.56217	3.97206
GO:0004739	1e-05	1e-05	1.98204
GO:0004743	221.728	172.006	82.4715
GO:0004746	6.95806	13.4274	1.34139
GO:0004747	3.79218	2.57876	1.86507
GO:0004748	40.6825	48.3415	48.5727
GO:0004749	47.9149	63.8724	25.8198
GO:0004750	8.44522	17.1768	5.39212
GO:0004751	124.917	125.483	49.8821
GO:0004756	13.667	11.4487	6.75728
GO:0004760	8.1666	12.1893	0.675045
GO:0004764	5.09463	8.3528	1.88687
GO:0004765	28.9213	58.3682	7.55472
GO:0004766	103.968	101.487	100.619
GO:0004775	0.0935055	0.0984813	0.235458
GO:0004777	1e-05	1e-05	0.0781861
GO:0004781	1e-05	1e-05	0.178149
GO:0004783	1e-05	1e-05	0.119503
GO:0004784	1.8808	1.27629	4.87415
GO:0004788	3.07797	3.55924	5.79525
GO:0004789	6.74746	3.12984	0.554497
GO:0004791	63.4653	73.3668	64.0547
GO:0004792	1e-05	2.16575	1.44726
GO:0004794	0.0536766	1e-05	0.231423
GO:0004795	53.8604	60.0156	9.81458
GO:0004797	14.601	14.4913	18.8045
GO:0004798	10.5069	8.03234	8.03055
GO:0004799	19.7148	26.1716	4.57164
GO:0004801	341.745	314.936	135.498
GO:0004802	1e-05	1e-05	0.0263942
GO:0004803	182.093	207.17	58.5931
GO:0004805	0.139198	0.217079	0.159945
GO:0004807	200.672	212.122	77.1909
GO:0004808	1e-05	1e-05	0.0261755
GO:0004809	1.08255	1e-05	0.129638
GO:0004810	7.55085	11.1752	3.55738
GO:0004812	29.2281	47.4323	15.1402
GO:0004813	59.1364	63.3028	39.1828
GO:0004814	82.7605	81.1343	56.0024
GO:0004815	21.0763	18.8851	22.1682
GO:0004816	29.1304	37.2307	19.6819
GO:0004817	13.8677	19.893	15.3008
GO:0004818	19.5978	21.199	19.5228
GO:0004819	13.4457	19.5644	2.33414
GO:0004820	22.9982	29.2836	21.0726
GO:0004821	22.8885	32.2198	16.6032
GO:0004822	27.5199	36.2954	55.3052
GO:0004823	40.1434	48.628	34.9474
GO:0004824	28.9729	45.396	39.3415
GO:0004825	21.7407	23.1781	27.3954
GO:0004826	54.7231	61.5136	44.7069
GO:0004827	30.0157	43.043	24.4778
GO:0004828	15.8953	22.8286	9.74398
GO:0004829	78.2368	102.467	54.6655
GO:0004830	20.8027	34.2073	16.3532
GO:0004831	9.56417	13.212	2.45872
GO:0004832	38.9705	32.3909	52.0385
GO:0004834	58.2156	76.923	34.9117
GO:0004837	1e-05	0.148609	0.0258109
GO:0004844	1e-05	1e-05	0.315126
GO:0004845	100.679	103.989	34.1021
GO:0004849	25.477	45.4046	25.3401
GO:0004850	1e-05	1e-05	0.0792312
GO:0004851	8.00954	12.9279	0.0653536
GO:0004852	8.14323	12.9279	0.179631
GO:0004853	166.82	155.443	0.42605
GO:0004854	1e-05	1e-05	0.048438
GO:0004855	1e-05	1e-05	1e-05
GO:0004856	1e-05	1e-05	0.0744919
GO:0004866	1e-05	1e-05	0.00556563
GO:0004871	115.392	103.371	60.9528
GO:0004872	0.306498	1e-05	0.102053
GO:0004984	0.379841	1e-05	0.361523
GO:0005048	1e-05	1e-05	0.195599
GO:0005198	54.2393	52.5408	46.1574
GO:0005215	980.806	748.621	1195.17
GO:0005216	60.8524	80.209	40.9234
GO:0005247	12.5762	16.2138	6.62701
GO:0005262	1e-05	1e-05	0.0880536
GO:0005267	1e-05	1e-05	0.0557049
GO:0005304	1e-05	1e-05	0.26941
GO:0005315	22.8459	28.4383	124.431
GO:0005328	41.6894	27.1758	107.983
GO:0005337	1e-05	1e-05	0.0446465
GO:0005344	1e-05	1e-05	0.0466881
GO:0005345	5.65101	4.17556	13.3964
GO:0005351	28.6952	20.5231	92.864
GO:0005354	1e-05	1e-05	0.0354596
GO:0005355	0.140506	1e-05	0.0756585
GO:0005363	144.991	63.4878	134.162
GO:0005384	0.525489	3.44363	0.722244
GO:0005385	0.113894	1e-05	1e-05
GO:0005388	21.4531	20.2817	16.1674
GO:0005415	1e-05	1e-05	0.0461534
GO:0005451	55.0211	36.0767	172.359
GO:0005506	14153.7	17413.2	5874.12
GO:0005507	233.029	301.665	67.6057
GO:0005509	28.4955	32.1759	9.88152
GO:0005524	8619.61	8938.68	6951.27
GO:0005525	1126.04	1346.5	853.89
GO:0005528	1e-05	1e-05	0.103098
GO:0005534	1e-05	1e-05	0.120475
GO:0005542	45.4751	12.9166	38.7195
GO:0005543	1e-05	1e-05	0.0500177
GO:0008026	0.22481	0.0581553	0.0605657
GO:0008047	6.11376	1.42733	3.2277
GO:0008073	0.072937	1e-05	0.0983099
GO:0008080	86.2902	116.49	53.3797
GO:0008081	1e-05	1e-05	0.0576492
GO:0008094	215.153	200.034	92.6392
GO:0008097	39.2528	69.2967	48.9648
GO:0008106	1e-05	1e-05	0.105261
GO:0008108	5.45755	13.7924	9.59595
GO:0008113	2.76349	4.97825	2.57249
GO:0008115	19.3698	21.0834	24.9721
GO:0008121	0.539201	0.787664	0.170857
GO:0008131	1e-05	1e-05	0.0686346
GO:0008134	1e-05	1e-05	0.0430911
GO:0008137	194.803	277.482	129.292
GO:0008138	0.177945	1e-05	0.0208286
GO:0008143	1.62162	2.22096	0.759696
GO:0008168	498.277	536.732	237.164
GO:0008170	9.05695	12.183	5.71087
GO:0008171	0.36897	2.00458	0.298211
GO:0008173	56.8976	62.4136	78.7149
GO:0008175	6.28341	6.57398	0.704259
GO:0008176	21.4238	28.1802	7.51027
GO:0008177	1e-05	1e-05	0.0830956
GO:0008184	15.9337	19.177	16.2507
GO:0008186	79.552	72.1542	58.6358
GO:0008198	73.359	66.9811	66.2489
GO:0008199	280.451	275.561	244.566
GO:0008233	303.083	272.723	284.145
GO:0008234	81.924	96.3913	48.7174
GO:0008235	0.726528	1.84039	0.355301
GO:0008236	179.155	196.898	208.606
GO:0008237	246.054	188.44	197.023
GO:0008239	0.688639	1.84039	0.309172
GO:0008251	1e-05	1e-05	0.068659
GO:0008252	0.116555	1e-05	1e-05
GO:0008253	126.106	78.9888	313.619
GO:0008254	0.161661	1e-05	1e-05
GO:0008263	1e-05	1e-05	0.272497
GO:0008270	1221.71	1306.46	669.065
GO:0008271	101.512	113.725	1.03295
GO:0008273	1e-05	1e-05	0.0880536
GO:0008276	33.4719	41.3588	22.1573
GO:0008289	444.885	688.862	71.0235
GO:0008296	0.0450612	1e-05	0.00811755
GO:0008310	0.0705914	1e-05	1e-05
GO:0008312	26.5458	33.6807	14.2021
GO:0008320	1e-05	1e-05	0.621406
GO:0008324	131.749	102.417	195.168
GO:0008375	0.0383855	1e-05	1e-05
GO:0008381	1e-05	1e-05	0.132797
GO:0008408	153.56	133.618	147.012
GO:0008409	15.8033	18.9304	3.56587
GO:0008410	1e-05	1e-05	0.0227486
GO:0008412	0.0623821	1e-05	0.100838
GO:0008413	1.64873	0.189728	0.296388
GO:0008417	1e-05	1e-05	0.13061
GO:0008422	199.836	159.011	44.539
GO:0008425	1e-05	1e-05	1e-05
GO:0008444	25.0534	30.4238	4.70906
GO:0008448	65.1811	40.6153	93.7033
GO:0008452	28.5783	27.7125	29.3218
GO:0008453	31.8029	25.3463	20.0107
GO:0008460	0.305956	1e-05	0.163955
GO:0008470	0.0611642	1e-05	0.065864
GO:0008474	1e-05	1e-05	0.17567
GO:0008478	1e-05	1e-05	0.0681243
GO:0008479	7.99046	9.44072	3.17673
GO:0008483	1492.57	1640.97	285.136
GO:0008484	15.2274	21.2246	2.43826
GO:0008495	0.122238	1e-05	0.0657425
GO:0008519	0.248536	0.342864	0.11158
GO:0008531	21.3303	25.3447	13.6867
GO:0008534	5.56125	8.53306	0.769102
GO:0008551	1.79235	1.36716	3.865
GO:0008556	0.835325	1e-05	1e-05
GO:0008559	1e-05	1e-05	0.090168
GO:0008565	29.6107	29.5112	15.6629
GO:0008609	1e-05	1e-05	0.0372581
GO:0008641	91.2569	109.636	44.388
GO:0008649	15.6598	19.5737	3.10856
GO:0008650	0.561123	1e-05	0.099914
GO:0008657	1e-05	1e-05	0.150029
GO:0008658	33.0026	39.5217	24.5186
GO:0008661	69.5775	96.8244	69.9209
GO:0008662	47.5948	34.7227	58.606
GO:0008663	1.26117	2.4759	2.36858
GO:0008664	20.1844	21.541	12.351
GO:0008667	1e-05	1e-05	0.0814186
GO:0008670	0.144836	1e-05	0.039008
GO:0008671	1e-05	1e-05	0.112528
GO:0008672	1e-05	1e-05	0.0695339
GO:0008673	0.567393	1e-05	0.0623156
GO:0008674	1e-05	1e-05	0.103876
GO:0008675	0.183357	1e-05	1e-05
GO:0008676	0.0639608	1e-05	1e-05
GO:0008677	1e-05	1e-05	0.103171
GO:0008678	1e-05	1e-05	1.43953
GO:0008679	1e-05	1e-05	0.0661313
GO:0008684	0.205008	1e-05	1e-05
GO:0008685	19.3042	21.9113	21.76
GO:0008686	10.3732	14.6606	2.6036
GO:0008691	1e-05	1e-05	0.0760717
GO:0008692	1e-05	1e-05	0.0966572
GO:0008694	1e-05	1e-05	0.0361644
GO:0008695	0.0765455	1e-05	0.172632
GO:0008697	0.0656748	1e-05	1e-05
GO:0008700	0.183357	1e-05	1e-05
GO:0008703	1e-05	1e-05	0.0509413
GO:0008704	67.3938	46.3509	37.2074
GO:0008705	5.56969	9.14238	1.26418
GO:0008706	1e-05	1e-05	0.239638
GO:0008709	1e-05	1e-05	0.157247
GO:0008710	165.645	99.9964	134.433
GO:0008712	1e-05	1e-05	0.124194
GO:0008713	0.0976553	1e-05	0.319452
GO:0008716	40.9874	34.4742	21.7048
GO:0008720	1e-05	1e-05	0.0311578
GO:0008721	7.6177	8.65483	13.8998
GO:0008725	0.324811	1e-05	0.234826
GO:0008728	5.60298	7.58619	11.2513
GO:0008730	1e-05	1e-05	0.0637981
GO:0008734	6.784	11.9143	2.06198
GO:0008736	0.0554808	1e-05	0.014947
GO:0008740	1e-05	1e-05	0.0437716
GO:0008742	3.5795	1.75824	6.26478
GO:0008743	11.4034	14.1858	1.41977
GO:0008744	0.267842	1e-05	0.0359457
GO:0008745	29.4947	36.1215	18.2657
GO:0008747	1e-05	1e-05	0.130659
GO:0008748	1e-05	1e-05	0.165389
GO:0008750	1e-05	1e-05	0.0392267
GO:0008752	1e-05	0.511776	0.0532988
GO:0008756	0.114796	1e-05	1e-05
GO:0008757	9.83756	10.6931	2.08456
GO:0008760	85.9788	118.21	38.5198
GO:0008761	61.2957	61.1861	41.9718
GO:0008762	36.3056	61.1795	14.6646
GO:0008763	3.98627	7.10517	6.90332
GO:0008764	41.878	58.8999	70.7605
GO:0008765	3.91428	6.35919	11.8484
GO:0008766	111.272	104.362	96.3152
GO:0008767	19.0439	28.828	15.2063
GO:0008768	1e-05	1e-05	0.0161622
GO:0008771	0.0994144	1e-05	0.080252
GO:0008772	0.056834	1e-05	0.0919179
GO:0008773	1e-05	1e-05	0.0576492
GO:0008774	9.70495	16.1959	0.677937
GO:0008775	0.211098	1e-05	0.0336125
GO:0008776	75.5669	74.8308	37.1161
GO:0008777	1e-05	1e-05	0.0727663
GO:0008779	1e-05	1e-05	0.0121034
GO:0008783	13.3354	13.7975	1.92333
GO:0008784	8.13114	12.431	5.94139
GO:0008785	159.194	159.381	16.7778
GO:0008786	0.300724	1e-05	1e-05
GO:0008787	0.404198	1e-05	1e-05
GO:0008791	1e-05	1e-05	0.0549272
GO:0008792	56.9077	65.9514	31.2184
GO:0008793	1e-05	1e-05	0.0698499
GO:0008794	1e-05	1e-05	0.231472
GO:0008795	7.37322	9.14985	8.39707
GO:0008798	0.275104	0.136474	0.0596421
GO:0008800	117416	95932	211864
GO:0008801	1e-05	1e-05	0.0476602
GO:0008802	0.162338	1e-05	0.0319598
GO:0008803	1e-05	1e-05	0.0695339
GO:0008804	23.6271	17.393	82.2665
GO:0008806	1e-05	1e-05	0.0732524
GO:0008808	2.99236	3.14249	0.17618
GO:0008810	258.98	290.699	277.944
GO:0008812	0.088634	1e-05	0.0319598
GO:0008814	1e-05	1e-05	0.0351437
GO:0008815	1e-05	1e-05	0.0351437
GO:0008817	29.3342	49.801	21.7937
GO:0008818	4.22822	6.25324	0.529245
GO:0008821	244.29	250.461	115.788
GO:0008825	0.0903029	1e-05	1e-05
GO:0008827	1e-05	1e-05	0.104532
GO:0008829	23.718	34.0035	16.3852
GO:0008830	19.6226	17.5311	2.59613
GO:0008831	1e-05	1e-05	0.0700929
GO:0008832	4.90211	7.17098	1.32146
GO:0008833	2.80124	2.54521	2.4279
GO:0008834	1e-05	1e-05	0.0797416
GO:0008835	1e-05	1e-05	0.0509413
GO:0008836	11.1718	12.879	0.525356
GO:0008837	32.8304	24.0936	0.867412
GO:0008838	0.0918816	1e-05	1e-05
GO:0008839	9.76259	10.8331	4.81184
GO:0008840	60.714	37.2906	24.8116
GO:0008847	1e-05	1e-05	0.0369908
GO:0008849	1e-05	1e-05	1e-05
GO:0008852	0.0705914	1e-05	1e-05
GO:0008853	21.4675	32.4019	2.92161
GO:0008854	7.99226	12.3852	1.96909
GO:0008855	26.8289	32.9928	9.96534
GO:0008859	17.6433	15.0492	4.57448
GO:0008860	26.7851	18.2606	0.716775
GO:0008861	55.2215	60.7435	18.8015
GO:0008863	0.302754	1e-05	0.173677
GO:0008866	1e-05	1e-05	0.0554375
GO:0008867	1e-05	1e-05	0.0335639
GO:0008868	1e-05	1e-05	1e-05
GO:0008872	1e-05	1e-05	0.0507469
GO:0008878	36.8359	41.963	57.1605
GO:0008879	5.23707	2.06363	3.5585
GO:0008880	0.0705914	1e-05	0.057309
GO:0008881	28.2647	25.3437	5.79817
GO:0008883	6.80087	6.39639	0.37873
GO:0008884	1e-05	1e-05	0.0852829
GO:0008885	1e-05	1e-05	0.0852829
GO:0008887	11.9993	9.93042	42.9862
GO:0008888	1e-05	1e-05	0.0508684
GO:0008889	31.2513	25.4133	44.9419
GO:0008890	165.423	98.7123	134.503
GO:0008891	0.0668025	1e-05	0.0359943
GO:0008894	0.0675693	1e-05	0.254877
GO:0008897	35.5736	37.0844	11.3564
GO:0008898	0.0127651	1e-05	0.0137561
GO:0008899	14.6035	18.6499	1.9575
GO:0008901	111.258	126.184	88.6372
GO:0008908	0.127425	1e-05	1e-05
GO:0008909	1e-05	1e-05	0.0236965
GO:0008911	0.0740646	1e-05	0.0389594
GO:0008914	0.980296	2.19613	0.791899
GO:0008917	0.0976553	1e-05	0.157831
GO:0008918	0.259948	1e-05	0.671715
GO:0008919	0.208121	1e-05	0.591877
GO:0008921	0.407987	1e-05	0.365509
GO:0008922	1e-05	1e-05	0.0121034
GO:0008923	3.59976	7.43865	0.864252
GO:0008925	1e-05	1e-05	0.120913
GO:0008926	0.225757	1e-05	0.0243284
GO:0008929	74.5292	76.7908	23.3534
GO:0008932	1e-05	1e-05	0.0509413
GO:0008933	12.6333	22.2586	3.6939
GO:0008934	34.9784	42.6245	37.4463
GO:0008939	2.08639	3.85622	0.612098
GO:0008940	1e-05	1e-05	0.176593
GO:0008941	1e-05	1e-05	0.0466881
GO:0008942	1e-05	1e-05	0.0812241
GO:0008948	86.0155	91.9808	89.2005
GO:0008949	1e-05	1e-05	1e-05
GO:0008955	4.69255	6.72394	1.29329
GO:0008959	24.122	26.167	3.84906
GO:0008960	1e-05	1e-05	0.0907756
GO:0008961	80.3992	70.3409	48.0236
GO:0008962	0.580113	0.138901	0.359773
GO:0008963	110.665	113.922	131.557
GO:0008964	1e-05	0.262166	0.0536877
GO:0008965	13.3166	14.503	11.9199
GO:0008966	15.3275	24.3727	5.36276
GO:0008967	8.67494	12.5617	1.10472
GO:0008972	0.147408	0.451147	1e-05
GO:0008973	14.3173	14.8909	15.6617
GO:0008977	12.9249	16.9319	3.62641
GO:0008979	1e-05	1e-05	0.0479276
GO:0008980	1e-05	1e-05	0.0457159
GO:0008982	733.664	552.953	1257.46
GO:0008983	4.45073	3.99773	1.39005
GO:0008984	37.5445	29.1477	20.1425
GO:0008986	0.355077	0.574832	0.607431
GO:0008987	33.242	39.5666	3.84342
GO:0008989	1e-05	1e-05	0.151123
GO:0008993	1e-05	1e-05	0.0552431
GO:0008998	0.268834	0.213999	0.137926
GO:0008999	3.60458	3.88773	7.87636
GO:0009001	6.72188	12.2732	1.70935
GO:0009002	43.4606	41.1042	11.5977
GO:0009007	20.5403	23.5113	2.28859
GO:0009010	1e-05	1e-05	0.0770925
GO:0009011	33.0288	41.8189	28.4469
GO:0009013	1e-05	1e-05	0.0781861
GO:0009014	1e-05	1e-05	0.0496046
GO:0009017	1e-05	1e-05	0.118701
GO:0009018	0.165946	1e-05	1e-05
GO:0009022	19.5707	22.0906	3.27018
GO:0009024	133.368	134.531	134.941
GO:0009025	1e-05	1e-05	0.103414
GO:0009026	1e-05	1e-05	0.037331
GO:0009027	0.0963923	1e-05	1e-05
GO:0009028	0.225667	1e-05	0.0297725
GO:0009030	1.07344	0.75966	0.732208
GO:0009032	1e-05	1e-05	0.0414384
GO:0009033	1e-05	1e-05	0.023818
GO:0009034	5.98882	2.92195	8.04622
GO:0009035	0.0935957	0.145202	0.0504309
GO:0009036	0.0195762	1e-05	1e-05
GO:0009037	37.0454	35.3561	20.305
GO:0009039	1.87584	0.628694	0.0309634
GO:0009045	0.0769063	1e-05	1e-05
GO:0009055	14039.6	17087.6	6265.93
GO:0009378	33.9917	47.2441	23.5227
GO:0009381	41.4473	48.8858	33.0723
GO:0009389	0.252686	1e-05	0.102199
GO:0009678	128.399	76.3616	329.96
GO:0009882	1e-05	1e-05	0.0457645
GO:0009927	0.0824995	1e-05	0.0862308
GO:0009982	109.994	130.899	70.3399
GO:0010181	281.643	351.531	79.7964
GO:0010285	14.7784	6.67792	0.157101
GO:0010340	0.128508	0.465523	1e-05
GO:0015020	1e-05	1e-05	0.0280226
GO:0015035	795.836	885.684	145.999
GO:0015036	1e-05	1e-05	0.101688
GO:0015075	31.7417	19.0135	70.5704
GO:0015078	544.595	810.498	246.541
GO:0015079	0.355799	0.73609	0.40753
GO:0015081	43.3408	44.5481	60.2483
GO:0015087	1.39771	1.08189	1.96107
GO:0015091	1e-05	1e-05	0.0223597
GO:0015093	6.00289	8.23393	6.34015
GO:0015094	0.0220119	1e-05	0.0237208
GO:0015095	6.66595	8.08905	3.45443
GO:0015098	1e-05	0.566151	0.436355
GO:0015099	0.0220119	1e-05	0.120232
GO:0015103	5.86013	5.70109	0.44909
GO:0015105	0.0395583	1e-05	1e-05
GO:0015109	0.110556	0.228794	0.238277
GO:0015112	1e-05	1e-05	0.15331
GO:0015113	1e-05	1e-05	0.15331
GO:0015116	1e-05	1e-05	1e-05
GO:0015128	262.895	295.704	210.961
GO:0015129	0.119757	1e-05	0.161403
GO:0015143	0.0694638	1e-05	0.0374282
GO:0015144	0.245965	1e-05	0.525138
GO:0015145	18.7236	15.9374	13.8332
GO:0015153	0.119351	1e-05	0.0960253
GO:0015159	0.186966	1e-05	0.147258
GO:0015169	1e-05	1e-05	0.0724747
GO:0015171	0.11042	1e-05	0.37314
GO:0015173	0.199641	1e-05	0.246224
GO:0015179	0.523098	1e-05	0.460343
GO:0015181	1e-05	1e-05	0.0498962
GO:0015185	1e-05	1e-05	0.0388622
GO:0015188	1e-05	1e-05	0.145411
GO:0015190	1e-05	1e-05	0.246832
GO:0015197	1e-05	1e-05	0.233756
GO:0015199	1e-05	1e-05	0.265619
GO:0015205	1e-05	1e-05	0.186874
GO:0015207	0.151873	1e-05	0.123489
GO:0015208	1e-05	1e-05	0.0803249
GO:0015210	1e-05	1e-05	1e-05
GO:0015211	1e-05	1e-05	0.141109
GO:0015212	1e-05	1e-05	0.0219952
GO:0015213	1e-05	1e-05	0.0219952
GO:0015214	1e-05	1e-05	0.0219952
GO:0015218	1e-05	1e-05	1e-05
GO:0015220	1e-05	1e-05	0.265619
GO:0015221	0.416332	1e-05	1e-05
GO:0015225	228.553	197.164	9.47858
GO:0015230	1e-05	1e-05	0.0959524
GO:0015232	1e-05	1e-05	0.237475
GO:0015233	1e-05	1e-05	0.111993
GO:0015234	25.477	13.8448	35.435
GO:0015235	0.0530902	1e-05	0.0914562
GO:0015238	30.7446	48.1493	12.022
GO:0015288	0.928875	1e-05	1.54856
GO:0015291	1e-05	1e-05	0.0773355
GO:0015292	0.0807855	1e-05	1e-05
GO:0015293	0.82071	1e-05	1.78885
GO:0015294	1e-05	1e-05	0.36388
GO:0015295	1e-05	1e-05	0.0392997
GO:0015297	36.9337	53.8504	12.7682
GO:0015299	0.381104	0.51817	0.413485
GO:0015307	1e-05	1e-05	0.265619
GO:0015315	1e-05	1e-05	0.0724747
GO:0015321	298.103	340.16	100.206
GO:0015333	0.253047	1e-05	0.115323
GO:0015343	0.117682	1e-05	0.0426293
GO:0015385	0.0323864	1e-05	0.151584
GO:0015386	1e-05	1e-05	0.151584
GO:0015388	1e-05	1e-05	0.0557049
GO:0015407	1e-05	1e-05	0.0354596
GO:0015412	0.498786	1e-05	0.106914
GO:0015413	0.0733429	1e-05	1e-05
GO:0015415	0.985303	0.541461	0.685301
GO:0015419	689.438	791.322	61.6675
GO:0015420	12.2331	14.3187	2.30271
GO:0015424	7.12933	8.68545	6.33663
GO:0015430	0.0978357	1e-05	1e-05
GO:0015439	0.192785	1e-05	1e-05
GO:0015444	1e-05	1e-05	1e-05
GO:0015446	1e-05	1e-05	1e-05
GO:0015450	617.147	799.033	375.607
GO:0015459	0.176185	1e-05	0.208748
GO:0015473	0.136672	1e-05	0.242579
GO:0015481	1e-05	1e-05	0.0408065
GO:0015487	0.0880025	1e-05	0.142252
GO:0015489	1e-05	1e-05	0.0392997
GO:0015496	1e-05	1e-05	0.103876
GO:0015499	1e-05	1e-05	0.139019
GO:0015501	0.0854314	1e-05	0.23327
GO:0015503	1e-05	1e-05	0.132068
GO:0015513	1e-05	1e-05	0.143588
GO:0015517	1e-05	1e-05	0.0410252
GO:0015518	1e-05	1e-05	0.0410252
GO:0015527	1e-05	1e-05	0.0724747
GO:0015535	1e-05	1e-05	0.0410252
GO:0015538	1e-05	1e-05	0.0194189
GO:0015542	1e-05	1e-05	0.117413
GO:0015546	0.0494366	1e-05	0.0266372
GO:0015556	0.0759591	1e-05	0.167188
GO:0015558	1e-05	1e-05	0.0773355
GO:0015562	1e-05	1e-05	0.177055
GO:0015565	1e-05	1e-05	0.0443792
GO:0015568	1e-05	1e-05	0.145363
GO:0015572	1e-05	1e-05	0.0270504
GO:0015574	1e-05	1e-05	0.0383275
GO:0015577	1e-05	1e-05	0.122468
GO:0015591	0.0664868	1e-05	0.122857
GO:0015592	0.0880025	1e-05	0.142252
GO:0015594	16.7626	24.2779	1.49691
GO:0015595	16.7626	24.2779	1.49691
GO:0015606	1e-05	1e-05	0.251401
GO:0015612	6.05995	4.31054	1.68101
GO:0015614	0.0323864	1e-05	0.0174503
GO:0015616	1e-05	1e-05	0.0241582
GO:0015620	0.0917012	1e-05	0.053153
GO:0015623	0.139198	1e-05	1e-05
GO:0015643	0.406363	1e-05	0.107934
GO:0015648	1e-05	1e-05	0.0443792
GO:0015655	0.139018	1e-05	0.0759016
GO:0015658	1.51941	2.06521	19.4622
GO:0015661	1e-05	1e-05	0.129711
GO:0015926	6.46965	6.84132	1.0845
GO:0016149	103.282	123.273	108.72
GO:0016151	129.353	116.694	95.5613
GO:0016153	37.127	10.6455	18.4303
GO:0016154	28.296	24.7419	31.3666
GO:0016162	18.4872	25.9726	29.1765
GO:0016163	0.7655	1.22402	0.545869
GO:0016208	0.128914	0.603863	0.383591
GO:0016209	201.502	156.565	54.6751
GO:0016298	1e-05	1e-05	0.0364075
GO:0016301	712.31	685.338	567.597
GO:0016405	0.702937	0.161957	0.294541
GO:0016407	0.0817327	1e-05	0.0728149
GO:0016410	1e-05	1e-05	0.118215
GO:0016413	0.223276	1e-05	1e-05
GO:0016415	1e-05	1e-05	0.341083
GO:0016416	1e-05	1e-05	0.118264
GO:0016429	3.23462	4.53042	1.10792
GO:0016430	0.140416	1e-05	1e-05
GO:0016434	1e-05	1e-05	0.129006
GO:0016437	0.0742451	0.15365	0.0223111
GO:0016462	43.0339	57.2489	55.8796
GO:0016463	1.79235	1.36716	3.865
GO:0016491	14052.3	15841.3	6615.84
GO:0016597	188.689	230.082	97.9473
GO:0016614	25.4638	31.2073	50.5726
GO:0016616	188.293	257.394	127.06
GO:0016620	0.112225	1e-05	0.0302342
GO:0016624	20.7678	10.9993	160.445
GO:0016625	294.933	222.067	445.336
GO:0016627	1e-05	1e-05	0.0368206
GO:0016628	2.41955	3.08653	0.937772
GO:0016639	0.388095	0.425617	0.179704
GO:0016645	0.522873	0.166391	0.335372
GO:0016651	86.0745	82.7121	112.445
GO:0016652	1e-05	0.511776	0.0532988
GO:0016655	1e-05	1e-05	1e-05
GO:0016661	1e-05	0.511776	0.0532988
GO:0016667	1e-05	1e-05	0.0564826
GO:0016668	1e-05	1e-05	0.0206584
GO:0016671	1e-05	1e-05	0.0685131
GO:0016682	0.0646374	1e-05	0.0920638
GO:0016692	100.891	72.7031	56.6641
GO:0016705	6.3337	1.48707	6.27951
GO:0016706	1e-05	1e-05	0.0500177
GO:0016708	1e-05	1e-05	0.0498476
GO:0016722	1e-05	1e-05	0.068659
GO:0016726	9.30097	10.4549	4.49934
GO:0016730	0.416738	0.610117	1e-05
GO:0016740	1138.52	1149.87	1431.28
GO:0016741	1e-05	1e-05	0.0964628
GO:0016742	0.049211	1e-05	0.0265157
GO:0016743	6.4719	12.0109	6.11293
GO:0016744	0.346552	0.501741	0.149324
GO:0016746	33.998	36.0857	46.2188
GO:0016747	93.4149	151.594	89.5512
GO:0016755	0.942452	2.10419	0.201408
GO:0016757	108.206	123.841	48.1157
GO:0016758	28.4907	36.8606	25.6559
GO:0016760	1e-05	1e-05	0.0393726
GO:0016763	1.749	1.14346	3.13863
GO:0016765	54.7926	60.8742	7.03943
GO:0016772	0.287237	0.187441	1e-05
GO:0016773	37.5679	44.5877	14.0297
GO:0016774	0.117006	0.120978	0.114132
GO:0016775	172.408	103.14	6.59697
GO:0016776	1e-05	1e-05	0.0975565
GO:0016779	213.123	250.55	122.501
GO:0016780	0.59996	0.121071	0.28917
GO:0016783	59.1457	64.684	51.559
GO:0016787	1381.29	1469.39	998.414
GO:0016788	151.136	130.82	43.333
GO:0016790	5.04993	3.35602	1.01686
GO:0016791	8.87138	10.1261	2.98315
GO:0016795	0.0378893	1e-05	0.0461291
GO:0016798	78.4089	89.1165	112.883
GO:0016805	13.7913	20.5591	18.2892
GO:0016807	1e-05	1e-05	0.0143151
GO:0016810	278.836	299.88	301.31
GO:0016811	6.65377	6.46948	23.8251
GO:0016812	1e-05	1e-05	0.0786479
GO:0016813	26.696	20.0835	31.334
GO:0016817	1e-05	1e-05	0.123538
GO:0016818	1e-05	1e-05	0.127402
GO:0016820	0.292921	0.104082	0.516534
GO:0016829	313.202	347.876	215.679
GO:0016831	0.321247	0.290917	0.286302
GO:0016832	33.2177	33.5688	4.18625
GO:0016833	0.501086	0.121538	0.0401017
GO:0016835	1e-05	1e-05	0.065062
GO:0016836	60.609	113.01	28.0274
GO:0016837	1e-05	1e-05	0.55124
GO:0016840	11.1617	11.5857	3.04151
GO:0016851	16.3345	20.9491	5.69072
GO:0016852	0.379841	0.196916	1e-05
GO:0016853	357.58	296.421	162.51
GO:0016855	1e-05	1e-05	0.0595692
GO:0016857	27.3266	36.3442	6.1219
GO:0016861	4.81488	8.82271	13.9383
GO:0016862	5.65737	20.9109	3.3367
GO:0016868	9.65199	16.5116	23.8758
GO:0016869	1e-05	1e-05	0.027658
GO:0016872	2.00534	1.13095	0.782007
GO:0016874	219.333	197.545	192.968
GO:0016878	0.0642766	1e-05	0.069704
GO:0016879	22.2378	33.0802	8.56013
GO:0016881	7.79537	8.27644	1.61858
GO:0016884	283.671	515.531	81.9279
GO:0016887	1300.99	1327.36	1238.08
GO:0016888	18.4815	20.988	26.4127
GO:0016901	1e-05	1e-05	0.0155303
GO:0016903	43.7609	61.9239	29.5536
GO:0016920	59.7194	71.071	40.8456
GO:0016966	0.124584	1e-05	0.0447681
GO:0016985	52.9957	46.4253	41.2293
GO:0016987	388.982	462.444	235.297
GO:0016989	1.65441	1.24413	0.0604685
GO:0016992	36.02	42.7352	33.1878
GO:0016993	0.0957608	1e-05	0.206512
GO:0016994	0.35634	1e-05	1e-05
GO:0017057	0.0532706	1e-05	1e-05
GO:0017061	51.6302	52.7732	56.8616
GO:0017103	5.45755	13.7924	9.59595
GO:0017108	0.32251	1e-05	0.335566
GO:0017111	98.1461	107.896	44.9633
GO:0017116	1e-05	1e-05	0.110802
GO:0017150	61.0745	48.933	10.0255
GO:0017153	0.0387464	1e-05	0.170153
GO:0018455	1e-05	1e-05	0.0479276
GO:0018492	29.1451	31.3103	0.2139
GO:0018493	3.31902	3.50888	1.53774
GO:0018537	8.41721	3.21927	7.03269
GO:0018580	9.87973	8.77324	90.8081
GO:0018697	0.7655	1.22402	0.545869
GO:0018738	1e-05	1e-05	0.0710651
GO:0018741	1e-05	1e-05	0.0264671
GO:0018759	0.166442	0.459268	0.209234
GO:0018801	10.5367	13.8552	21.7383
GO:0019003	1e-05	1e-05	0.0286545
GO:0019104	53.0236	48.7669	31.4191
GO:0019107	1e-05	1e-05	0.029578
GO:0019134	39.6301	49.9847	23.5292
GO:0019143	0.21633	1e-05	1e-05
GO:0019144	1e-05	1e-05	0.118264
GO:0019146	0.107759	1e-05	1e-05
GO:0019148	0.107759	1e-05	0.0580624
GO:0019159	1e-05	1e-05	0.0696311
GO:0019164	413.001	482.906	53.9385
GO:0019172	1e-05	1e-05	1e-05
GO:0019180	0.0459634	1e-05	1e-05
GO:0019239	41.7632	53.2952	1e-05
GO:0019808	7.52225	14.2759	2.86812
GO:0019825	1e-05	1e-05	0.0466881
GO:0019829	19.1135	21.8896	5.67291
GO:0019843	2374.98	3412.04	2335.91
GO:0020037	17.7679	23.9784	1.75582
GO:0022820	4.77929	7.99094	1.94099
GO:0022857	0.523008	1e-05	0.641821
GO:0022872	0.29901	1e-05	0.201845
GO:0022877	28.8183	20.5231	92.4791
GO:0022885	21.4841	25.0548	7.07246
GO:0022889	1e-05	1e-05	0.0443792
GO:0022891	0.306904	1e-05	0.698766
GO:0030060	0.162202	0.281489	0.440074
GO:0030145	231.399	223.458	55.1761
GO:0030151	13.2799	20.6429	14.7401
GO:0030170	1906.27	2056.53	602.917
GO:0030234	93.1264	132.648	30.1924
GO:0030246	439.242	423.134	488.543
GO:0030248	93.088	115.552	96.9815
GO:0030266	1e-05	1e-05	0.0327619
GO:0030268	21.7131	5.96223	6.52795
GO:0030269	23.6886	9.15881	26.7966
GO:0030270	1.07935	0.430891	0.615063
GO:0030272	17.0263	28.8063	4.04441
GO:0030337	0.0770868	0.159437	0.179753
GO:0030409	45.4751	12.9166	38.7195
GO:0030410	1e-05	1e-05	1e-05
GO:0030515	4.51064	1e-05	1e-05
GO:0030599	0.203159	0.150196	0.218955
GO:0030604	5.92476	12.792	6.30255
GO:0030674	0.0755531	1e-05	0.0814915
GO:0030697	1e-05	1e-05	0.0511114
GO:0030698	24.8852	33.2904	16.943
GO:0030699	244.91	194.567	149.417
GO:0030788	1e-05	0.170032	0.177006
GO:0030798	1e-05	1e-05	0.0798145
GO:0030955	221.728	172.006	82.6554
GO:0030976	307.356	372.93	176.047
GO:0030983	44.2317	54.4805	37.764
GO:0031071	51.7516	56.0209	4.05751
GO:0031176	57.7899	60.4228	39.2754
GO:0031218	6.44917	6.84132	1.0845
GO:0031220	0.0803795	1e-05	0.0643814
GO:0031402	1e-05	1e-05	0.200047
GO:0031418	1e-05	1e-05	0.0692422
GO:0031419	240.23	221.709	154.579
GO:0031956	1e-05	1e-05	0.0767036
GO:0031992	1e-05	1e-05	0.0426293
GO:0032135	1e-05	1e-05	0.315175
GO:0032450	1e-05	1e-05	0.016867
GO:0032549	22.0045	32.9571	35.0364
GO:0033094	61.3663	53.7552	176.201
GO:0033592	1e-05	1e-05	1e-05
GO:0033608	1e-05	1e-05	0.0441605
GO:0033680	0.0179072	1e-05	0.0579166
GO:0033721	1e-05	1e-05	0.0479276
GO:0033726	39.8562	34.6766	209.021
GO:0033739	0.129049	1e-05	0.0694853
GO:0033743	1.97737	2.10927	2.37813
GO:0033748	0.0465498	1e-05	0.0312793
GO:0033764	1e-05	1e-05	1.43953
GO:0033785	0.0702306	1e-05	0.0189329
GO:0033786	0.0702306	1e-05	0.0189329
GO:0033794	37.5771	35.7679	39.2407
GO:0033795	37.5771	35.7679	39.2407
GO:0033817	4.16665	3.17819	66.4879
GO:0033818	7.83488	19.5069	4.04767
GO:0033819	1e-05	1e-05	0.341083
GO:0033856	1e-05	1e-05	1e-05
GO:0033862	80.7567	107.429	43.472
GO:0033883	0.138477	1e-05	0.0746134
GO:0033897	1e-05	1e-05	0.0369908
GO:0033905	19.8209	19.9949	16.3941
GO:0033971	1e-05	1e-05	1e-05
GO:0033990	1e-05	0.94332	0.395184
GO:0034015	1e-05	1e-05	0.0683187
GO:0034023	4.64663	5.34754	5.36721
GO:0034028	0.0982867	1e-05	0.0529585
GO:0034038	1e-05	1e-05	0.125603
GO:0034039	1e-05	1e-05	1e-05
GO:0034040	1e-05	1e-05	0.150977
GO:0034200	0.21227	1e-05	0.114108
GO:0034257	2.8431	4.78624	0.0875918
GO:0034567	1e-05	1e-05	0.165389
GO:0034618	61.8876	60.9099	60.3777
GO:0034639	1e-05	1e-05	0.162035
GO:0034700	1e-05	1e-05	0.0890257
GO:0034979	131.267	119.606	45.9588
GO:0035312	0.116555	1e-05	1e-05
GO:0035368	1e-05	1e-05	0.0286545
GO:0035438	669.018	528.744	200.484
GO:0035527	0.151106	1e-05	1e-05
GO:0036009	6.41728	8.97286	1.75908
GO:0036094	1.69573	1.12829	0.912593
GO:0036131	1e-05	1e-05	0.143394
GO:0036355	6.31945	3.02095	0.235895
GO:0036356	0.253588	0.374836	0.156226
GO:0036361	36.5296	40.5321	53.0678
GO:0036374	1e-05	1e-05	0.0455458
GO:0036380	0.0472715	1e-05	0.0765578
GO:0036381	1.284	1.67288	0.996102
GO:0036439	5.71376	8.36484	1.81461
GO:0042132	0.260354	0.06735	0.157174
GO:0042242	0.151106	0.234488	0.14247
GO:0042277	1e-05	1e-05	0.066666
GO:0042279	0.139875	1e-05	0.188502
GO:0042286	6.42752	6.25604	0.46885
GO:0042301	0.202663	1e-05	0.109077
GO:0042577	0.244476	1e-05	1e-05
GO:0042586	26.3327	35.8297	10.0293
GO:0042602	0.23753	1e-05	0.086012
GO:0042623	0.0348672	1e-05	0.0375984
GO:0042626	142.996	150.678	90.2097
GO:0042781	0.524361	0.241209	0.0942025
GO:0042802	30.7923	29.5114	21.2888
GO:0042803	1.33312	0.184127	0.0800576
GO:0042834	1e-05	1e-05	0.0633607
GO:0042888	1e-05	1e-05	0.106914
GO:0042907	0.0694638	1e-05	0.0374282
GO:0042912	0.117682	1e-05	1e-05
GO:0042925	1e-05	1e-05	0.0475144
GO:0042931	0.0819582	1e-05	0.0882966
GO:0042936	0.253047	1e-05	0.115323
GO:0042937	0.218585	1e-05	0.0781618
GO:0042945	1e-05	1e-05	0.098796
GO:0042954	1e-05	1e-05	0.600091
GO:0042958	1e-05	1e-05	0.0408065
GO:0042972	5.5922	8.18688	1.13682
GO:0043022	238.198	275.026	146.566
GO:0043023	9.49006	14.764	3.59783
GO:0043024	0.0348672	1e-05	0.0375984
GO:0043115	9.34062	15.0646	1.40405
GO:0043136	0.180065	1e-05	1e-05
GO:0043140	0.0470459	1e-05	0.136953
GO:0043141	7.99226	12.3852	1.90991
GO:0043142	1e-05	1e-05	0.0289947
GO:0043169	25.2186	17.9424	73.3805
GO:0043295	0.0750119	1e-05	0.0403933
GO:0043365	125.265	128.33	19.565
GO:0043492	0.214075	1e-05	0.0432126
GO:0043531	1e-05	1e-05	0.0324945
GO:0043546	1e-05	1e-05	0.128252
GO:0043565	173.836	248.628	46.4134
GO:0043621	1e-05	1e-05	0.0255679
GO:0043714	0.0672536	0.139181	0.0362373
GO:0043726	0.131891	1e-05	0.114885
GO:0043737	4.71772	5.77819	8.41664
GO:0043740	0.751788	0.388931	0.526596
GO:0043752	2.72149	3.3816	0.176107
GO:0043755	1.5333	2.53531	0.550997
GO:0043761	1.71368	1.77486	1.22575
GO:0043765	1e-05	1e-05	0.150029
GO:0043766	0.412452	0.664072	0.320984
GO:0043768	0.492967	1e-05	1e-05
GO:0043772	96.964	110.993	302.318
GO:0043773	0.147994	0.229914	0.159629
GO:0043781	1e-05	0.170032	0.177006
GO:0043801	0.0842136	0.172926	0.0453757
GO:0043805	101.111	67.4283	137.869
GO:0043807	47.705	61.7926	108.753
GO:0043814	0.172802	1e-05	0.465325
GO:0043815	0.26297	1e-05	1e-05
GO:0043817	0.863065	0.595509	0.232565
GO:0043821	1e-05	1e-05	0.0623156
GO:0043825	1e-05	1e-05	0.0680757
GO:0043838	1e-05	1e-05	0.0630447
GO:0043884	1e-05	1e-05	0.0394212
GO:0043887	0.0880025	1e-05	0.142252
GO:0043917	0.41146	0.573012	0.222333
GO:0043957	0.21845	1e-05	0.117777
GO:0044183	0.704742	1e-05	0.702582
GO:0044212	0.411956	1e-05	0.423012
GO:0044318	6.784	11.9143	2.06198
GO:0044610	1e-05	1e-05	0.0959524
GO:0044667	1e-05	1e-05	0.0349249
GO:0044689	0.169871	0.263659	0.120913
GO:0044822	1.44701	0.187441	1.45856
GO:0045127	1e-05	1e-05	0.0637981
GO:0045148	4.12114	3.40423	3.49947
GO:0045330	0.203159	0.150196	0.218955
GO:0045437	1e-05	1e-05	0.153577
GO:0045550	0.781738	1.40968	0.266154
GO:0046026	1e-05	0.0797652	0.0830956
GO:0046316	1e-05	1e-05	0.247318
GO:0046429	33.4474	45.0118	18.231
GO:0046523	33.9172	22.4835	24.8705
GO:0046537	107.908	126.064	14.1345
GO:0046538	223.846	437.949	55.8674
GO:0046553	0.0963923	1e-05	1e-05
GO:0046555	11.5945	11.7939	7.87794
GO:0046556	12.1554	10.9966	4.20574
GO:0046790	1e-05	1e-05	0.0348277
GO:0046820	0.148851	1e-05	0.0401017
GO:0046857	0.129049	1e-05	0.234874
GO:0046870	1e-05	1e-05	0.0484137
GO:0046872	5119.37	5844.48	3270.97
GO:0046873	92.5615	107.347	43.7174
GO:0046912	32.0363	49.202	6.10508
GO:0046914	43.5643	63.9075	18.102
GO:0046917	0.0587285	1e-05	0.0632878
GO:0046933	430.882	534.62	223.331
GO:0046961	145.185	185.241	67.2136
GO:0046982	0.93077	1.02038	1.06967
GO:0046983	17.1938	23.3423	4.28099
GO:0047001	1e-05	1e-05	1.43953
GO:0047017	1e-05	1e-05	0.143394
GO:0047068	2.1757	1.73215	0.932547
GO:0047111	1e-05	1e-05	0.0717456
GO:0047134	1e-05	1e-05	0.0314008
GO:0047138	0.23753	1e-05	0.086012
GO:0047151	24.8852	33.2904	16.943
GO:0047154	18.9764	45.2124	9.46407
GO:0047241	1e-05	1e-05	0.0822449
GO:0047244	2.02437	2.40616	0.405076
GO:0047270	0.0518272	1e-05	0.279254
GO:0047294	0.37763	1e-05	0.162837
GO:0047295	1e-05	1e-05	1e-05
GO:0047298	0.079748	1e-05	0.0217764
GO:0047310	0.309565	2.05887	0.21441
GO:0047324	1e-05	1e-05	1e-05
GO:0047334	37.5005	63.6197	7.50242
GO:0047355	10.5777	25.5153	10.9342
GO:0047360	21.8266	18.5234	3.31325
GO:0047372	306.722	180.976	130.308
GO:0047429	98.1461	107.691	44.6282
GO:0047440	1e-05	1e-05	0.0899007
GO:0047451	12.6864	17.7779	2.00445
GO:0047475	42.4283	54.0553	7.49318
GO:0047480	111.311	104.522	96.3775
GO:0047527	0.127425	1e-05	1e-05
GO:0047553	152.736	160.133	71.6
GO:0047617	1e-05	1e-05	0.0976051
GO:0047631	19.2002	23.2511	3.14524
GO:0047693	1e-05	1e-05	0.0150928
GO:0047760	3.39344	6.36735	2.2203
GO:0047761	54.2261	47.3327	99.7304
GO:0047850	10.7892	16.0535	2.37006
GO:0047952	5.71376	8.36484	1.81461
GO:0048001	1e-05	1e-05	0.055875
GO:0048029	19.6471	21.712	9.93008
GO:0048037	112.408	122.456	23.7111
GO:0048038	144.934	136.706	116.008
GO:0048040	1e-05	1e-05	0.0923797
GO:0048472	9.53233	10.312	1.54258
GO:0050081	0.115382	1e-05	0.0207314
GO:0050089	0.0826348	1e-05	1e-05
GO:0050136	2.86822	4.92771	0.331191
GO:0050163	0.06784	1e-05	1e-05
GO:0050182	106.577	96.2858	84.1331
GO:0050225	1e-05	1e-05	1e-05
GO:0050242	55.8741	66.3887	56.0102
GO:0050263	0.0567438	1e-05	1e-05
GO:0050270	4.05384	9.32091	2.20426
GO:0050297	1e-05	1e-05	0.109417
GO:0050308	0.318541	1e-05	0.549369
GO:0050355	2.52293	3.34197	0.338191
GO:0050380	8.18062	14.8895	11.5334
GO:0050418	1.01462	1.0699	0.708658
GO:0050454	16.7493	5.58436	14.4802
GO:0050462	4.44239	7.02629	2.01823
GO:0050480	3.34324	1.16768	3.62478
GO:0050485	100.564	67.3724	42.2174
GO:0050492	19.8093	29.9521	27.602
GO:0050511	5.82296	8.55392	1.59748
GO:0050515	6.29861	11.2061	0.848941
GO:0050518	23.1429	26.5389	22.2779
GO:0050524	12.4445	5.09979	13.3118
GO:0050532	49.4914	49.2805	53.6896
GO:0050545	0.552778	0.362934	0.497091
GO:0050560	7.49032	10.6102	3.12655
GO:0050567	38.5456	42.8338	36.721
GO:0050568	4.02655	4.866	2.31897
GO:0050569	1e-05	1e-05	0.0389594
GO:0050570	10.8563	11.5105	4.88074
GO:0050572	1e-05	1e-05	0.110219
GO:0050583	2.0352	5.95667	0.799117
GO:0050605	81.4959	70.6654	101.378
GO:0050660	401.997	441.77	187.618
GO:0050661	477.942	665.368	117.284
GO:0050662	141.619	158.552	95.1695
GO:0050782	0.109022	1e-05	0.172097
GO:0050797	22.7811	24.5272	32.4181
GO:0050897	6.73718	1.41622	2.20251
GO:0051060	20.8748	13.8513	71.8698
GO:0051073	4.22822	6.25324	0.529245
GO:0051108	0.0642766	1e-05	0.069704
GO:0051109	0.0642766	1e-05	0.069704
GO:0051116	0.145017	0.0187628	0.0293107
GO:0051213	10.7543	9.60543	90.2897
GO:0051287	843.089	1050.95	311.944
GO:0051392	0.096708	1e-05	1e-05
GO:0051536	823.465	899.437	892.178
GO:0051537	153.129	212.404	30.1169
GO:0051538	29.8306	46.6363	10.9288
GO:0051539	1970.29	2229.63	905.432
GO:0051575	0.0705914	1e-05	1e-05
GO:0051745	30.2358	47.9035	12.3561
GO:0051903	0.0939565	1e-05	1e-05
GO:0051908	1e-05	1e-05	0.0198321
GO:0051912	3.96183	3.66033	4.45484
GO:0051920	605.99	738.951	262.76
GO:0051978	0.0432119	1e-05	0.0231618
GO:0051989	2.98933	5.12201	0.562736
GO:0051991	5.82296	8.55392	1.59748
GO:0051992	66.754	70.1846	105.584
GO:0052381	7.91824	8.3101	5.60167
GO:0052591	0.0664868	1e-05	0.0716727
GO:0052618	0.147994	0.229914	0.159629
GO:0052619	0.147994	0.229914	0.159629
GO:0052621	0.0671634	1e-05	0.131169
GO:0052654	18.3265	28.355	2.90122
GO:0052655	18.3265	28.355	2.90122
GO:0052656	18.3265	28.355	2.90122
GO:0052657	11.612	9.75838	8.88602
GO:0052665	1e-05	1e-05	0.0862065
GO:0052666	1e-05	1e-05	0.0862065
GO:0052689	0.5217	0.619079	0.603227
GO:0052692	1e-05	1e-05	0.0402961
GO:0052693	0.182185	1e-05	1e-05
GO:0052717	27.1322	36.7174	7.13689
GO:0052733	1e-05	1e-05	0.0327619
GO:0052734	1e-05	1e-05	0.0327619
GO:0052737	1e-05	1e-05	0.046445
GO:0052832	34.9784	42.6245	37.4463
GO:0052833	34.9784	42.6245	37.4463
GO:0052855	55.2697	56.9208	44.7635
GO:0052856	1e-05	1e-05	0.0351437
GO:0052857	1e-05	1e-05	0.0351437
GO:0052875	0.23753	1e-05	0.086012
GO:0052890	0.0611642	1e-05	0.065864
GO:0052906	21.5608	30.8526	41.6974
GO:0052908	9.41852	12.4841	11.5002
GO:0052911	1e-05	1e-05	0.151123
GO:0052913	1.94336	3.28045	0.826678
GO:0052914	1e-05	1e-05	0.0551216
GO:0052915	1e-05	1e-05	0.0247901
GO:0052916	0.0913855	1e-05	0.04924
GO:0052927	0.0742451	0.15365	0.0223111
GO:0052928	0.0742451	0.15365	0.0223111
GO:0052929	0.0742451	0.15365	0.0223111
GO:0060698	1e-05	1e-05	0.260807
GO:0061593	0.0826348	1e-05	1e-05
GO:0061594	1e-05	1e-05	0.065062
GO:0061595	1e-05	1e-05	0.066666
GO:0061596	1e-05	1e-05	0.0303315
GO:0061597	26.9125	26.5344	95.3723
GO:0061599	1e-05	1e-05	0.0447681
GO:0061602	0.210286	1e-05	0.169958
GO:0061603	1e-05	0.372502	1e-05
GO:0061634	0.109744	1e-05	0.0112042
GO:0061710	15.3004	21.177	5.48248
GO:0061711	21.522	23.0494	16.0915
GO:0061712	0.240552	0.124479	1e-05
GO:0070006	17.9648	27.1536	44.3862
GO:0070008	1e-05	1e-05	0.0127353
GO:0070011	1e-05	1e-05	1e-05
GO:0070038	46.8949	74.9947	13.2895
GO:0070039	1e-05	1e-05	0.0835087
GO:0070040	8.76191	11.4019	1.7819
GO:0070041	0.0773123	1e-05	1e-05
GO:0070043	10.3651	7.9634	11.0177
GO:0070180	124.526	184.369	117.733
GO:0070181	24.3902	24.1745	21.5368
GO:0070402	5.92476	12.792	6.30255
GO:0070403	131.267	119.606	45.9991
GO:0070491	1e-05	1e-05	0.0457645
GO:0070626	3.46854	4.16777	4.89843
GO:0070677	4.26918	7.62357	4.34228
GO:0070967	0.246461	0.339924	1e-05
GO:0071111	0.395628	1e-05	0.543366
GO:0071424	422.022	365.491	158.835
GO:0071713	1e-05	1e-05	1e-05
GO:0071916	1e-05	1e-05	0.217035
GO:0071949	1.33767	0.894313	0.296582
GO:0071972	1e-05	1e-05	0.0143151
GO:0080100	0.309565	2.05887	0.21441
GO:0080130	48.4859	31.3015	55.2091
GO:0080146	0.0854314	1e-05	1e-05
GO:0080176	0.109744	1e-05	0.0112042
GO:0089714	0.0405055	1e-05	0.130999
GO:0090582	1e-05	1e-05	1e-05
GO:0090589	1e-05	1e-05	0.0383275
GO:0090613	0.0795225	1e-05	0.0428724
GO:0090614	3.97432	9.32091	2.16138
GO:0097098	0.0179072	1e-05	0.0579166
GO:1901682	1e-05	1e-05	0.300422
GO:1990663	0.13365	0.484005	0.864033
GO:2001070	40.8239	46.4104	11.5
