id	T4A	T4B	T4C	T7A	T7B	T7C
GO:0000014	0.0528417	0.212081	0.0406378	0.367933	0.457588	0.158851
GO:0000030	17.4859	20.2827	22.4856	2.75771	4.38419	2.53579
GO:0000034	0.308642	0.103349	0.0508594	0.273796	0.127232	0.163663
GO:0000036	557.491	408.492	537.892	71.8587	136.691	43.4545
GO:0000049	2207.09	2185.47	2383.93	722.889	984.375	637.77
GO:0000062	1e-05	1e-05	1e-05	0.0611642	1e-05	0.065864
GO:0000104	0.0973401	0.260999	0.299411	0.13577	0.0702438	0.227194
GO:0000107	51.9861	65.3597	59.3043	12.5845	22.2865	9.78513
GO:0000150	17.1905	20.0455	19.3377	78.5557	110.849	2.14012
GO:0000155	267.332	298.096	305.795	124.388	132.911	71.7961
GO:0000156	83.8827	82.5069	86.9172	9.92015	9.1295	3.93995
GO:0000166	472.773	507.807	533.263	300.909	277.657	401.183
GO:0000175	97.4708	103.215	96.6615	57.6284	71.3135	35.4858
GO:0000179	19.7291	19.6073	19.3102	10.0897	12.831	11.6088
GO:0000213	1e-05	0.0597915	0.411078	1e-05	0.514297	0.265668
GO:0000286	0.0743471	0.124727	1e-05	0.103745	0.321908	0.111701
GO:0000287	2674.32	2775.35	2903.56	1421.82	1511.25	795.245
GO:0000309	0.235621	0.109621	1e-05	0.227832	0.235748	1e-05
GO:0000703	1e-05	1e-05	1e-05	1e-05	1e-05	0.0757071
GO:0000774	75.7606	58.7978	40.7071	68.8548	55.9641	28.5844
GO:0000906	139.034	158.846	220.182	34.9726	68.698	8.56327
GO:0000908	1e-05	1e-05	1e-05	1e-05	1e-05	0.0692422
GO:0000986	0.181971	1e-05	1e-05	0.668882	1e-05	0.149834
GO:0000987	1e-05	1e-05	1e-05	0.261482	1e-05	0.905059
GO:0001046	1e-05	1e-05	1e-05	0.261482	1e-05	1e-05
GO:0001047	1e-05	1e-05	1e-05	1e-05	1e-05	0.0604685
GO:0001071	1e-05	1e-05	1e-05	1e-05	1e-05	0.175378
GO:0001141	0.0693346	1e-05	1e-05	0.096708	1e-05	0.05675
GO:0001671	1e-05	1e-05	1e-05	1e-05	1e-05	0.0933276
GO:0001727	1e-05	1e-05	1e-05	0.300724	1e-05	1e-05
GO:0002161	215.155	249.055	240.741	136.511	160.214	166.763
GO:0002935	33.2572	31.5624	33.2804	8.76191	11.4019	1.7819
GO:0003676	1797.61	1624.62	1956.97	765.785	952.349	426.432
GO:0003677	13105.3	10927.4	11238.7	6810.64	8558.09	3409.82
GO:0003678	49.3182	62.6454	68.6089	15.4146	22.9156	15.5995
GO:0003684	340.72	326.323	323.345	239.93	227.423	99.057
GO:0003688	28.9412	31.0386	24.5391	35.2201	28.7931	14.7935
GO:0003689	0.179513	1e-05	0.199036	0.305686	0.741224	0.283823
GO:0003690	162.839	126.758	127.157	50.944	69.1489	18.1782
GO:0003697	709.364	793.898	867.273	313.188	384.875	247.925
GO:0003700	2758.4	2382.33	2457.29	1412.67	1497.58	644.52
GO:0003723	4191.3	3956.09	4052.01	1872.97	2082.17	1277.74
GO:0003725	59.8513	52.1039	49.7842	22.1506	33.4815	11.6965
GO:0003729	151.556	219.958	231.6	38.3799	68.476	86.582
GO:0003735	37654.3	33481.8	34605.5	10951.1	16703.6	8229.72
GO:0003743	615.502	534.449	537.462	255.318	285.346	205.112
GO:0003746	2119.63	2178.25	2270.08	923.849	1109.04	775.748
GO:0003755	343.008	311.732	349.05	106.437	140.255	28.2401
GO:0003756	1e-05	1e-05	1e-05	1e-05	1e-05	0.0814186
GO:0003774	330.471	413.752	457.11	47.2098	61.3966	16.2424
GO:0003796	0.0966933	1e-05	1e-05	1e-05	1e-05	0.145265
GO:0003824	2406.11	2502.15	2668.6	1318.74	1503.87	699.197
GO:0003825	0.0482173	1e-05	0.0741876	1e-05	0.139181	0.162546
GO:0003839	0.915255	0.477746	1.48547	1.69992	1.46588	1e-05
GO:0003840	1e-05	1e-05	1e-05	1e-05	1e-05	0.0455458
GO:0003841	121.998	110.111	116.149	28.0874	47.2479	5.997
GO:0003842	4.34188	3.206	2.55001	8.30773	7.17812	8.85997
GO:0003844	28.5431	28.2393	25.4212	3.84514	4.09104	1.36577
GO:0003848	25.2294	24.0066	32.4157	9.93977	13.559	4.28636
GO:0003849	55.465	45.198	51.4121	32.7505	33.5688	4.18625
GO:0003852	33.2226	40.8152	51.4319	17.482	21.0982	5.77365
GO:0003855	19.5741	16.335	17.0606	4.24162	8.26109	1.7619
GO:0003856	30.753	42.1504	61.6524	9.45835	18.1819	2.023
GO:0003857	0.0158461	1e-05	1e-05	1e-05	1e-05	0.172705
GO:0003861	61.9517	109.228	155.069	32.7989	50.8153	5.11868
GO:0003862	32.7794	42.2949	56.3702	10.3715	16.5553	3.44379
GO:0003863	1.69925	3.02157	3.46147	14.7641	6.9546	142.466
GO:0003864	29.5198	29.2347	24.7533	18.6951	17.4858	32.1491
GO:0003866	140.053	144.795	144.925	52.7328	54.9409	12.841
GO:0003867	1e-05	1e-05	1e-05	0.079748	1e-05	0.0217764
GO:0003871	0.238726	0.0837516	0.0640157	0.0580519	0.120138	0.0427751
GO:0003872	447.485	655.397	632.778	315.56	427.652	246.242
GO:0003879	1.29614	1.15314	4.46076	1.07263	0.569185	3.47225
GO:0003882	1e-05	1e-05	1e-05	1e-05	1e-05	0.0402961
GO:0003883	66.9073	86.6934	76.3557	43.9147	48.9384	85.0452
GO:0003886	1e-05	1e-05	1e-05	0.14213	1e-05	1e-05
GO:0003887	374.082	360.568	367.603	249.633	251.833	208.94
GO:0003896	163.844	154.94	174.967	60.9245	71.8558	31.9117
GO:0003899	520.565	573.32	620.194	219.41	286.284	315.524
GO:0003904	1e-05	0.0730737	1e-05	0.151828	0.196403	0.265935
GO:0003906	180.632	116.585	112.263	64.016	57.4055	43.758
GO:0003908	5.54017	3.04457	5.81001	2.62726	1.01576	1e-05
GO:0003909	1e-05	1e-05	1e-05	0.33505	1e-05	0.090241
GO:0003910	0.126316	0.0847716	0.145714	0.117502	0.060769	0.110778
GO:0003911	29.0036	27.3688	25.2956	12.25	13.9555	11.2177
GO:0003917	62.5986	68.563	66.8139	22.6093	31.9729	25.3989
GO:0003918	136.825	141.39	149.002	72.4523	79.4752	51.9641
GO:0003919	49.7851	46.7158	53.9423	21.7148	25.8023	13.7662
GO:0003922	84.3984	105.863	109.841	43.3631	57.3625	55.8796
GO:0003924	1667.25	1842.85	2022.53	623.205	833.978	516.442
GO:0003933	0.801358	0.671163	0.614964	0.0558868	1e-05	0.0602254
GO:0003934	84.8721	80.2505	81.2648	39.3276	54.1174	23.8375
GO:0003935	26.5774	30.5943	36.0382	9.7049	14.1421	2.5136
GO:0003937	16.8718	28.0121	36.5795	2.16578	2.87719	1.77714
GO:0003938	125.963	159.396	142.423	77.2617	98.2007	76.3286
GO:0003939	38.7121	23.4366	21.2411	11.3134	14.1858	1.04194
GO:0003941	1e-05	1e-05	1e-05	0.127967	1e-05	0.311432
GO:0003942	31.0709	30.8451	34.818	11.4758	9.99179	3.32244
GO:0003949	46.7054	53.322	56.8811	14.147	15.8037	9.34921
GO:0003951	161.323	128.384	124.413	71.8881	86.9837	38.0711
GO:0003952	58.1782	61.0458	57.6419	67.867	71.3757	108.632
GO:0003954	31.5373	21.1058	15.0276	39.1071	53.0885	16.142
GO:0003957	0.0517099	1e-05	1e-05	0.07208	1e-05	0.0953691
GO:0003960	1e-05	1e-05	1e-05	1e-05	1e-05	0.0582811
GO:0003961	19.0933	26.6286	35.8223	9.78537	11.5092	1.46716
GO:0003962	1e-05	1e-05	1e-05	1e-05	1e-05	0.0480734
GO:0003963	0.112022	0.175555	0.345421	0.208752	0.216099	0.281003
GO:0003977	104.702	129.738	131.475	39.6301	49.9847	23.5292
GO:0003978	57.7405	55.1477	47.0642	23.1202	27.4436	2.80024
GO:0003979	28.7812	27.1053	29.3526	7.76041	9.02206	2.85264
GO:0003983	50.4016	36.3595	40.7912	10.0443	17.7693	3.41416
GO:0003984	134.24	186.901	226.939	56.9879	82.7444	12.547
GO:0003985	1.57853	2.2474	2.25821	2.51143	2.18932	26.0746
GO:0003987	0.431271	1e-05	0.461639	0.128914	0.603863	0.383591
GO:0003988	0.0626728	1e-05	1e-05	0.0881829	1e-05	0.0471013
GO:0003989	56.9319	85.102	99.6685	28.977	46.0647	42.5974
GO:0003991	6.24664	5.11625	12.1275	3.07382	2.99197	0.871981
GO:0003992	6.43101	7.58762	18.3242	1.84282	3.50888	1.36353
GO:0003993	73.7884	58.2092	67.0532	22.903	21.6924	20.2842
GO:0003994	26.7353	26.7358	26.4564	13.5628	12.6957	1.11551
GO:0003995	0.315563	1e-05	1e-05	0.0908442	1e-05	0.178829
GO:0003999	109.704	105.061	100.811	56.7846	84.4916	88.2354
GO:0004000	1e-05	1e-05	1e-05	1e-05	1e-05	0.028533
GO:0004003	111.02	101.29	105.668	45.9459	49.5754	21.3563
GO:0004004	0.1496	1e-05	1e-05	0.14619	1e-05	0.160625
GO:0004008	6.52706	3.93105	2.63258	12.8348	6.27298	15.9607
GO:0004013	89.4905	115.536	107.921	38.2366	44.5623	21.1712
GO:0004014	1032.77	738.062	727.63	237.286	260.647	109.31
GO:0004015	0.501964	0.726831	0.710987	0.488592	0.0762647	0.10441
GO:0004016	0.0269706	1e-05	1e-05	1e-05	1e-05	1e-05
GO:0004017	57.0135	64.3065	99.7536	19.5207	24.1066	53.9055
GO:0004018	55.8304	53.1651	57.9401	16.5587	23.2638	7.46453
GO:0004019	103.879	129.331	112.152	38.9489	42.6664	32.5895
GO:0004020	41.2491	53.4032	73.8219	16.2624	27.1204	0.225858
GO:0004021	1e-05	1e-05	1e-05	1e-05	1e-05	0.0446465
GO:0004022	34.2944	65.9282	72.5495	9.79498	16.1959	0.750704
GO:0004029	4.34188	3.206	2.55001	8.50823	7.17812	9.20205
GO:0004030	7.20601	6.99288	7.42607	1.49279	2.94146	0.229819
GO:0004033	0.114189	1e-05	1e-05	1e-05	1e-05	0.0585242
GO:0004034	1e-05	1e-05	1e-05	1e-05	1e-05	0.0545626
GO:0004038	0.0947853	1e-05	1e-05	1e-05	1e-05	0.0191516
GO:0004040	0.0478939	0.144693	0.0826185	0.83776	0.933472	1.68811
GO:0004042	11.9995	12.9854	15.0146	2.72961	4.14886	1.1043
GO:0004044	15.4024	20.3495	15.1093	1.30908	2.69591	1.86755
GO:0004045	21.9274	22.0775	21.2001	10.0405	14.3745	6.36462
GO:0004047	46.7561	80.3797	65.8005	115.231	83.1919	124.331
GO:0004048	67.108	64.4137	96.97	61.0337	28.4774	4.33166
GO:0004049	92.2143	39.9968	51.5684	23.5143	8.84292	1.55218
GO:0004055	8.54216	6.41909	15.2995	1.64106	2.45821	1.17517
GO:0004056	6.69098	7.671	13.0639	1.24525	2.88611	1.83717
GO:0004061	8.93229	10.8371	11.7272	8.93453	13.0764	15.886
GO:0004065	1e-05	1e-05	1e-05	0.0299506	1e-05	0.0322758
GO:0004066	0.58155	0.239665	0.441022	0.393102	0.294744	0.134644
GO:0004067	14.2585	8.85206	4.86452	17.6332	18.1148	29.9682
GO:0004068	53.1722	50.9581	55.2408	38.7524	41.5762	32.504
GO:0004069	91.9904	63.9703	59.485	45.1778	29.3386	50.4774
GO:0004070	16.1536	12.5279	10.3553	8.27571	6.44138	2.58926
GO:0004071	42.8385	51.4781	51.3344	28.164	40.0307	11.4358
GO:0004072	48.8094	53.2435	57.2145	11.6974	14.9357	1.67487
GO:0004073	25.8035	25.7057	21.4539	9.45118	7.94898	2.6359
GO:0004075	0.346511	0.130934	0.262579	0.422421	0.175073	0.223792
GO:0004076	1.82951	0.879272	0.64155	0.219803	0.287043	0.059788
GO:0004077	71.541	89.5301	77.3808	339.463	176.381	115.225
GO:0004088	27.3906	32.6151	32.7295	6.90132	9.60753	2.16722
GO:0004089	0.848346	0.113919	0.392003	0.412813	0.229307	0.189401
GO:0004096	1e-05	1e-05	1e-05	1e-05	1e-05	0.0460319
GO:0004106	0.432759	0.420168	1e-05	0.306859	1e-05	0.237451
GO:0004107	73.5215	57.087	71.8463	18.0742	26.1658	6.57233
GO:0004108	1e-05	1e-05	1e-05	1e-05	1e-05	0.0206827
GO:0004109	8.56095	10.8358	9.71208	2.98933	5.12201	0.595133
GO:0004112	1e-05	1e-05	1e-05	0.0499327	1e-05	0.04924
GO:0004113	39.7342	30.2323	35.4765	20.1844	21.541	12.351
GO:0004121	1e-05	1e-05	1e-05	0.0854314	1e-05	0.0234048
GO:0004124	1106.34	1283.43	1458.96	651.524	951.259	13.9511
GO:0004125	17.0092	14.8082	13.3391	13.8159	16.9223	14.1724
GO:0004126	59.8113	56.106	58.5388	12.621	22.0696	10.7453
GO:0004127	148.496	149.503	131.41	41.3772	70.0256	29.1597
GO:0004129	1e-05	1e-05	1e-05	1e-05	1e-05	0.196595
GO:0004130	1e-05	1e-05	1e-05	0.071674	1e-05	0.198613
GO:0004133	1e-05	1e-05	1e-05	0.148355	1e-05	0.079936
GO:0004134	30.4393	28.7723	29.6421	6.03654	8.18431	1.11361
GO:0004135	30.4393	28.7723	29.6421	6.03654	8.18431	1.08846
GO:0004139	77.8534	53.9873	73.7219	23.142	36.7928	21.7813
GO:0004140	33.8897	34.8163	35.1591	12.4949	18.9319	12.0787
GO:0004141	0.781631	0.296787	0.339875	1e-05	1e-05	0.0830956
GO:0004146	69.4259	97.9612	95.8256	21.8931	34.7584	4.66723
GO:0004148	2.71446	2.96503	2.90617	3.26326	2.76564	1.81986
GO:0004149	12.0631	10.0237	10.7665	53.072	37.4275	202.561
GO:0004150	14.7306	18.4385	21.9546	7.03361	8.11743	2.14257
GO:0004151	35.5177	29.9003	23.7179	11.1362	10.3704	4.72378
GO:0004152	14.4945	15.862	21.5487	4.48253	5.48275	1.00087
GO:0004156	34.1645	40.0982	37.4908	16.2992	24.6489	11.6509
GO:0004159	0.0593419	1e-05	1e-05	0.0414076	1e-05	1e-05
GO:0004160	40.3256	49.6559	60.9622	14.1144	21.5619	2.69228
GO:0004161	1e-05	1e-05	1e-05	1e-05	1e-05	0.129589
GO:0004164	0.200404	1e-05	1e-05	0.139875	1e-05	1e-05
GO:0004165	0.0158461	1e-05	1e-05	1e-05	1e-05	0.0357513
GO:0004170	11.9597	7.74195	6.861	7.89036	13.9657	6.86179
GO:0004175	1.11967	0.217876	0.166505	0.453319	0.781783	0.691475
GO:0004176	80.8015	72.1685	72.8249	30.5671	33.9929	20.5285
GO:0004177	115.584	137.644	147.701	69.7048	73.8769	39.1428
GO:0004180	0.0341175	1e-05	1e-05	1e-05	1e-05	0.0897063
GO:0004181	26.4803	42.7442	38.9734	24.7139	23.6485	33.8926
GO:0004190	347.474	346.957	414.006	114.689	157.683	129.999
GO:0004222	395.555	398.718	394.994	362.198	314.493	298.488
GO:0004252	924.796	766.582	789.634	790.361	631.27	528.585
GO:0004298	1.23341	0.217876	0.629488	0.82689	1.07172	0.790368
GO:0004300	0.0158461	1e-05	1e-05	1e-05	1e-05	0.0966572
GO:0004309	1e-05	1e-05	1e-05	0.0648178	1e-05	0.0349249
GO:0004314	45.0018	53.6559	85.2315	4.24667	11.3359	4.29596
GO:0004315	193.207	205.611	252.883	60.8731	78.6508	58.1247
GO:0004316	60.3506	73.7649	85.7214	22.4812	21.9544	124.386
GO:0004318	38.4535	25.9851	27.9807	5.3981	9.73149	1.23664
GO:0004322	0.197785	1e-05	1e-05	0.27587	1e-05	1e-05
GO:0004324	1e-05	1e-05	1e-05	0.453319	1e-05	0.0814186
GO:0004325	1e-05	1e-05	1e-05	1e-05	1e-05	0.119552
GO:0004326	77.2093	82.5277	92.6533	49.7731	67.9008	79.2327
GO:0004329	57.1982	58.2234	49.7622	80.5289	41.7646	119.647
GO:0004332	515.621	522.567	531.912	185.44	253.916	70.5795
GO:0004333	0.042752	1e-05	1e-05	0.06784	1e-05	1e-05
GO:0004337	33.1491	38.7719	41.837	8.69064	13.6808	2.82965
GO:0004340	47.8904	59.346	39.8729	36.5988	38.3485	31.9038
GO:0004342	0.0564314	1e-05	1e-05	1e-05	1e-05	0.244256
GO:0004345	1e-05	1e-05	1e-05	0.0680204	1e-05	0.0366505
GO:0004347	70.9836	82.4134	77.4051	49.028	48.599	104.263
GO:0004348	6.5278	5.90085	5.63485	4.47595	2.62324	1.10134
GO:0004349	30.716	25.187	30.13	9.75601	13.8472	1.34997
GO:0004350	71.8028	69.8801	77.5871	23.6101	35.5493	9.73207
GO:0004351	0.0517099	1e-05	1e-05	1e-05	1e-05	0.27867
GO:0004352	816.546	586.866	499.061	121.684	174.766	4.32724
GO:0004353	20.408	12.1989	7.5644	42.0628	24.2408	21.4938
GO:0004355	30.6714	23.6913	16.1417	12.0713	4.7306	0.40753
GO:0004356	163.772	155.341	146.964	139.119	92.2578	92.8436
GO:0004357	1e-05	1e-05	1e-05	1e-05	1e-05	0.0496775
GO:0004358	11.9995	12.9854	15.0146	2.72961	4.14886	1.1043
GO:0004359	3.27295	5.01192	5.77153	3.56647	3.31775	4.05708
GO:0004360	34.2831	42.9469	51.7246	11.7986	17.737	19.441
GO:0004362	1e-05	1e-05	1e-05	0.0750119	1e-05	0.0403933
GO:0004363	1e-05	1e-05	1e-05	0.338929	1e-05	0.0606872
GO:0004364	1e-05	1e-05	1e-05	1e-05	1e-05	0.197665
GO:0004365	899.819	1142.3	1015.19	388.846	546.388	89.8909
GO:0004367	24.5134	32.5297	33.8568	5.71376	8.36484	1.81461
GO:0004370	14.8093	15.0919	11.7532	22.529	19.7167	15.8454
GO:0004371	34.0434	46.5421	39.6642	39.0635	40.5883	44.0015
GO:0004372	156.268	198.919	188.888	48.212	64.9289	25.3314
GO:0004373	161.329	191.763	199.654	33.0288	41.8189	28.4469
GO:0004375	86.6769	128.231	106.948	151.15	101.139	476.331
GO:0004385	92.6339	107.431	93.6561	47.9139	48.9749	12.9047
GO:0004386	213.747	249.017	250.671	149.244	143.155	132.18
GO:0004399	10.029	5.07631	6.01322	2.57124	3.66701	6.96807
GO:0004400	11.4018	5.70507	6.29222	3.3081	1.96286	4.66186
GO:0004401	25.5037	29.2011	29.263	9.03607	17.6751	8.75213
GO:0004410	1e-05	0.0846197	0.242384	0.0879123	0.18198	1e-05
GO:0004412	50.2207	51.0902	43.6285	11.865	14.3564	2.80816
GO:0004413	1e-05	1e-05	1e-05	0.115202	1e-05	1e-05
GO:0004414	0.239502	1e-05	0.368252	0.333381	0.40284	0.120013
GO:0004416	1e-05	1e-05	1e-05	0.148851	1e-05	0.226611
GO:0004417	1e-05	1e-05	0.0750332	1e-05	0.0703838	0.0366505
GO:0004418	5.94657	5.09181	6.47436	4.38637	3.26552	0.294711
GO:0004420	0.0309807	0.12349	0.0476512	1e-05	0.357427	0.0465666
GO:0004421	0.215506	0.192787	0.193415	1e-05	0.259319	0.189037
GO:0004422	82.1806	54.5876	63.1679	22.5036	23.3354	11.2252
GO:0004424	63.8579	43.9294	45.0464	9.9759	14.39	4.49285
GO:0004425	41.9086	61.7092	115.814	61.7953	24.0192	2.8671
GO:0004427	53.8643	46.9168	38.1076	135.248	83.3802	350.8
GO:0004450	121.8	121.21	119.773	32.8214	47.411	2.75644
GO:0004452	0.071857	1e-05	0.440599	1e-05	1e-05	0.121836
GO:0004455	110.42	140.058	155.774	23.3364	46.0472	5.5746
GO:0004457	1e-05	1e-05	1e-05	1e-05	1e-05	0.048681
GO:0004459	241.768	224.645	207.81	42.5249	69.7876	3.46493
GO:0004462	0.198108	1e-05	1e-05	1e-05	1e-05	1e-05
GO:0004467	26.3609	29.0526	31.4217	9.61261	10.064	1.53993
GO:0004471	126.867	174.043	177.603	33.2483	50.5356	15.3671
GO:0004473	1e-05	1e-05	1e-05	1e-05	1e-05	0.0227
GO:0004474	0.0160078	1e-05	1e-05	1e-05	1e-05	0.18194
GO:0004476	45.6979	54.8784	45.3343	41.048	37.9514	103.536
GO:0004477	94.738	83.0937	78.8582	33.947	41.1356	23.0533
GO:0004478	106.667	143.902	107.259	25.0474	35.7417	30.3955
GO:0004479	25.5119	30.65	26.5985	5.62521	10.9253	4.75229
GO:0004488	89.2432	77.7536	73.6046	25.4072	32.8006	13.5779
GO:0004489	32.9358	24.7279	24.0351	8.30787	10.5936	2.36653
GO:0004492	1e-05	1e-05	1e-05	1e-05	1e-05	0.0764362
GO:0004493	7.84829	14.1878	14.4089	8.48653	8.23365	11.3162
GO:0004494	29.5255	41.2843	35.6744	36.8775	30.2736	36.1934
GO:0004496	1e-05	0.0569702	0.0326296	1e-05	1e-05	0.0638711
GO:0004497	1e-05	1e-05	1e-05	1e-05	1e-05	0.0551702
GO:0004512	2.02296	0.702936	1.14353	0.471046	0.292504	0.152362
GO:0004514	58.3897	92.6728	88.199	93.7577	69.951	92.4722
GO:0004515	54.7259	38.7505	38.5979	22.6749	22.0643	5.16524
GO:0004516	8.52078	9.20165	9.51954	4.54108	3.20363	1.62198
GO:0004518	180.928	181.458	224.991	56.1026	93.3309	77.3728
GO:0004519	291.577	242.37	262.907	135.311	164.86	62.1174
GO:0004520	1e-05	1e-05	1e-05	1e-05	1e-05	0.117413
GO:0004521	311.535	348.532	360.91	113.639	134.103	63.9481
GO:0004523	102.938	133.274	141.549	46.736	59.4974	18.1838
GO:0004525	115.279	77.3832	88.8496	24.6458	40.0227	4.14681
GO:0004526	209.386	161.343	188.044	53.3508	66.7246	9.63527
GO:0004527	39.4089	50.6377	51.0698	42.542	40.733	17.8597
GO:0004530	0.0579513	1e-05	1e-05	1e-05	1e-05	0.0871057
GO:0004534	29.2885	30.5283	30.4662	7.60394	10.3592	0.768105
GO:0004540	75.7355	73.2016	76.4092	16.4999	22.6071	3.7098
GO:0004549	41.7264	44.7456	49.8565	19.5707	22.0906	3.27018
GO:0004550	313.401	242.374	234.904	240.466	295.443	164.016
GO:0004553	1188.03	1123.65	1172.49	431.3	464.875	274.423
GO:0004555	1e-05	1e-05	1e-05	0.222825	1e-05	0.0972162
GO:0004556	33.3908	41.8009	38.4827	52.6217	40.8794	102.101
GO:0004557	1e-05	1e-05	1e-05	1e-05	1e-05	0.0402961
GO:0004558	1e-05	1e-05	1e-05	1e-05	1e-05	0.016867
GO:0004559	0.0327593	1e-05	1e-05	1e-05	1e-05	1e-05
GO:0004563	5.26529	4.25251	4.32845	0.493599	2.15053	1.49941
GO:0004565	225.731	1e-05	1e-05	768.067	1e-05	2179.04
GO:0004568	20.0054	19.9315	23.3712	9.09723	8.80582	5.29947
GO:0004576	0.202312	0.327671	0.153225	0.231305	0.391592	0.228774
GO:0004585	20.1494	29.7609	28.2534	22.6192	19.2095	53.6485
GO:0004586	1e-05	1e-05	1e-05	0.0220119	1e-05	0.0726691
GO:0004588	3.38339	4.37357	2.85658	4.54302	7.53597	6.57437
GO:0004589	14.4945	15.862	21.5487	4.48253	5.48275	0.944407
GO:0004590	12.868	13.5307	8.84449	3.98668	4.5419	2.30925
GO:0004591	1e-05	1e-05	1e-05	1e-05	1e-05	0.00916263
GO:0004592	63.933	64.2297	63.4443	30.1788	35.9722	32.396
GO:0004594	187.462	209.44	223.061	87.0918	106.926	33.3553
GO:0004595	117.836	102.05	99.9808	71.6573	82.5294	17.8463
GO:0004596	1e-05	1e-05	1e-05	0.135454	1e-05	0.0736413
GO:0004601	1222.1	959.239	983.834	656.057	790.92	283.434
GO:0004604	58.7528	54.7957	62.1958	17.7178	28.8948	0.170566
GO:0004605	27.505	38.9489	37.2582	30.6151	30.7983	39.0069
GO:0004609	0.803427	0.415611	0.19058	0.172802	0.35766	0.0296752
GO:0004612	10.4568	7.98654	7.40456	106.482	47.5127	189.959
GO:0004613	182.721	193.526	230.114	74.5875	65.064	3.81639
GO:0004614	84.5695	100.38	98.9275	31.8566	38.8424	4.60829
GO:0004615	17.1783	21.1682	17.2282	39.1816	23.6157	18.1422
GO:0004616	1e-05	1e-05	1e-05	0.118855	1e-05	0.128496
GO:0004617	0.724488	0.334051	0.191276	0.126027	0.326855	0.0564826
GO:0004618	257.999	403.418	351.709	308.669	275.861	116.198
GO:0004619	1e-05	1e-05	1e-05	1e-05	1e-05	0.0757071
GO:0004622	1e-05	1e-05	1e-05	1e-05	1e-05	0.0556806
GO:0004632	32.1954	40.3548	39.1608	12.7659	18.6416	6.30447
GO:0004633	32.1954	40.3548	39.1608	12.7659	18.6416	6.30447
GO:0004634	92.7014	140.778	147.031	66.4705	66.6584	49.83
GO:0004635	32.5569	37.7056	42.6483	7.12207	13.1668	5.267
GO:0004636	32.0724	37.3034	42.0802	7.12207	12.643	5.61176
GO:0004637	20.9748	25.7529	42.8434	3.38465	3.38472	2.48142
GO:0004638	1e-05	1e-05	1e-05	0.0982867	1e-05	0.0529585
GO:0004639	89.602	87.798	67.8205	27.5697	35.4669	17.3501
GO:0004640	114.056	99.8994	214.157	205.588	91.8732	19.0113
GO:0004641	47.7997	64.9073	74.1799	4.4925	8.12476	3.36893
GO:0004642	39.8071	50.4463	38.7605	32.3531	27.1087	40.4669
GO:0004643	16.8718	27.8234	36.1461	2.16578	2.87719	1.61829
GO:0004644	35.1897	40.3012	51.3108	2.51355	4.85765	2.68215
GO:0004645	25.1916	41.2712	34.0698	28.296	24.7419	31.3666
GO:0004647	0.453036	0.388699	0.260216	0.379841	0.348792	0.145095
GO:0004648	64.717	81.3638	82.1011	30.0663	38.8084	3.83627
GO:0004652	1e-05	1e-05	1e-05	0.0742451	1e-05	1e-05
GO:0004654	96.85	102.988	96.3141	56.928	69.6844	35.2737
GO:0004655	29.1318	18.7636	18.964	11.1226	17.2936	0.146456
GO:0004657	1e-05	1e-05	1e-05	1e-05	1e-05	0.00636766
GO:0004658	20.2805	28.76	25.6852	20.9167	24.1489	39.7308
GO:0004659	75.1739	60.2769	61.4978	52.4815	60.4989	57.9151
GO:0004664	46.1078	38.0421	48.7579	13.3233	18.4487	2.13837
GO:0004665	58.5705	63.1192	61.6974	12.9249	16.9319	3.62641
GO:0004672	270.261	247.208	198.194	288.997	264.399	82.9682
GO:0004673	238.539	275.351	263.852	82.1481	109.279	18.1018
GO:0004674	132.252	132.321	128.185	51.0405	61.5723	24.267
GO:0004683	0.0246746	1e-05	1e-05	1e-05	1e-05	0.0556077
GO:0004712	0.0888996	0.178984	0.136711	0.0620212	0.192435	0.116927
GO:0004713	1e-05	1e-05	1e-05	0.0892204	1e-05	0.0241339
GO:0004715	1.2931	0.434058	0.41451	0.150339	0.0778049	0.0810054
GO:0004719	1e-05	0.0430586	0.197394	0.714034	1e-05	0.198345
GO:0004721	31.86	43.6273	34.0487	34.6039	43.7269	25.5691
GO:0004722	97.1181	95.2539	96.0903	53.3818	47.8396	15.2474
GO:0004725	112.96	101.396	78.3262	65.5947	70.367	19.8057
GO:0004730	1.87404	2.60042	1.73579	3.26796	3.38192	2.14196
GO:0004731	72.4447	73.6396	63.9523	35.7072	38.8967	30.3905
GO:0004733	182.261	119.456	115.922	55.7947	61.2934	5.39805
GO:0004735	37.9231	43.2229	49.7949	19.5061	20.7372	2.63074
GO:0004736	5.31845	7.02226	5.92842	6.13248	6.56217	3.97206
GO:0004739	1e-05	0.10259	0.176379	1e-05	1e-05	1.98204
GO:0004743	90.918	114.013	91.3702	221.728	172.006	82.4715
GO:0004746	18.8649	24.0623	26.1803	6.95806	13.4274	1.34139
GO:0004747	2.71194	1.03469	1.50907	3.79218	2.57876	1.86507
GO:0004748	41.7677	51.2294	56.5845	40.6825	48.3415	48.5727
GO:0004749	149.163	158.062	154.152	47.9149	63.8724	25.8198
GO:0004750	70.8909	46.561	56.377	8.44522	17.1768	5.39212
GO:0004751	317.351	258.034	251.367	124.917	125.483	49.8821
GO:0004756	12.1338	10.591	8.41754	13.667	11.4487	6.75728
GO:0004760	4.29156	7.65503	8.05742	8.1666	12.1893	0.675045
GO:0004764	40.5462	41.0562	37.9082	5.09463	8.3528	1.88687
GO:0004765	273.978	70.8	154.207	28.9213	58.3682	7.55472
GO:0004766	107.879	141.2	119.159	103.968	101.487	100.619
GO:0004775	0.0682351	0.210171	0.094208	0.0935055	0.0984813	0.235458
GO:0004777	1e-05	1e-05	1e-05	1e-05	1e-05	0.0781861
GO:0004781	1e-05	1e-05	1e-05	1e-05	1e-05	0.178149
GO:0004783	1e-05	1e-05	1e-05	1e-05	1e-05	0.119503
GO:0004784	0.676271	1.15297	1.06317	1.8808	1.27629	4.87415
GO:0004788	2.53226	2.80879	2.52561	3.07797	3.55924	5.79525
GO:0004789	2.70114	2.32566	2.2554	6.74746	3.12984	0.554497
GO:0004791	71.0648	87.2444	101.291	63.4653	73.3668	64.0547
GO:0004792	0.173886	1e-05	1e-05	1e-05	2.16575	1.44726
GO:0004794	1e-05	1e-05	1e-05	0.0536766	1e-05	0.231423
GO:0004795	142.377	126.084	131.371	53.8604	60.0156	9.81458
GO:0004797	12.0016	18.8738	13.952	14.601	14.4913	18.8045
GO:0004798	20.7716	22.1419	23.3999	10.5069	8.03234	8.03055
GO:0004799	71.0197	64.2457	62.82	19.7148	26.1716	4.57164
GO:0004801	152.303	149.254	128.573	341.745	314.936	135.498
GO:0004802	1e-05	1e-05	1e-05	1e-05	1e-05	0.0263942
GO:0004803	327.09	308.305	328.57	182.093	207.17	58.5931
GO:0004805	1e-05	0.0672356	0.0770476	0.139198	0.217079	0.159945
GO:0004807	362.008	464.138	500.24	200.672	212.122	77.1909
GO:0004808	1e-05	1e-05	1e-05	1e-05	1e-05	0.0261755
GO:0004809	0.215377	0.181545	0.150216	1.08255	1e-05	0.129638
GO:0004810	23.6007	31.5835	29.3174	7.55085	11.1752	3.55738
GO:0004812	52.6354	52.7466	58.2033	29.2281	47.4323	15.1402
GO:0004813	111.282	126.937	106.954	59.1364	63.3028	39.1828
GO:0004814	106.315	144.357	135.807	82.7605	81.1343	56.0024
GO:0004815	18.0065	21.13	20.3816	21.0763	18.8851	22.1682
GO:0004816	54.4351	59.5325	58.8466	29.1304	37.2307	19.6819
GO:0004817	23.7617	32.9913	35.7364	13.8677	19.893	15.3008
GO:0004818	40.3179	50.7212	49.0751	19.5978	21.199	19.5228
GO:0004819	49.6799	62.2455	57.1243	13.4457	19.5644	2.33414
GO:0004820	72.6769	72.6562	81.4349	22.9982	29.2836	21.0726
GO:0004821	40.7507	47.2497	49.9716	22.8885	32.2198	16.6032
GO:0004822	26.2191	32.2157	30.7641	27.5199	36.2954	55.3052
GO:0004823	89.7567	103.367	104.577	40.1434	48.628	34.9474
GO:0004824	83.2609	89.7818	91.8475	28.9729	45.396	39.3415
GO:0004825	33.9336	44.9001	47.8856	21.7407	23.1781	27.3954
GO:0004826	60.4386	83.5725	81.8029	54.7231	61.5136	44.7069
GO:0004827	72.7008	79.6589	75.9813	30.0157	43.043	24.4778
GO:0004828	47.3497	53.2104	49.0226	15.8953	22.8286	9.74398
GO:0004829	92.6179	135.064	132.35	78.2368	102.467	54.6655
GO:0004830	59.9526	69.0807	67.2916	20.8027	34.2073	16.3532
GO:0004831	26.5799	33.3056	32.9884	9.56417	13.212	2.45872
GO:0004832	26.5781	33.9471	29.6473	38.9705	32.3909	52.0385
GO:0004834	184.541	200.231	250.47	58.2156	76.923	34.9117
GO:0004837	1e-05	0.115025	0.369296	1e-05	0.148609	0.0258109
GO:0004844	1e-05	1e-05	1e-05	1e-05	1e-05	0.315126
GO:0004845	210.061	180.233	183.391	100.679	103.989	34.1021
GO:0004849	29.9562	30.6211	28.4036	25.477	45.4046	25.3401
GO:0004850	0.105683	1e-05	1e-05	1e-05	1e-05	0.0792312
GO:0004851	32.3801	22.693	23.4066	8.00954	12.9279	0.0653536
GO:0004852	32.3801	22.7285	23.4066	8.14323	12.9279	0.179631
GO:0004853	57.2473	59.1935	60.6048	166.82	155.443	0.42605
GO:0004854	0.0720834	1e-05	1e-05	1e-05	1e-05	0.048438
GO:0004855	0.0119007	1e-05	1e-05	1e-05	1e-05	1e-05
GO:0004856	0.0247716	1e-05	1e-05	1e-05	1e-05	0.0744919
GO:0004866	1e-05	1e-05	1e-05	1e-05	1e-05	0.00556563
GO:0004871	388.923	436.335	454.711	115.392	103.371	60.9528
GO:0004872	0.148791	1e-05	1e-05	0.306498	1e-05	0.102053
GO:0004984	0.0899345	1e-05	1e-05	0.379841	1e-05	0.361523
GO:0005048	0.13909	1e-05	1e-05	1e-05	1e-05	0.195599
GO:0005198	577.716	684.212	711.565	54.2393	52.5408	46.1574
GO:0005215	732.315	814.669	732.712	980.806	748.621	1195.17
GO:0005216	79.7315	71.0274	57.6281	60.8524	80.209	40.9234
GO:0005247	27.938	21.7038	18.9522	12.5762	16.2138	6.62701
GO:0005262	1e-05	1e-05	1e-05	1e-05	1e-05	0.0880536
GO:0005267	1e-05	1e-05	1e-05	1e-05	1e-05	0.0557049
GO:0005304	1e-05	1e-05	1e-05	1e-05	1e-05	0.26941
GO:0005315	25.7227	39.2943	33.0951	22.8459	28.4383	124.431
GO:0005328	25.5205	27.5648	22.6594	41.6894	27.1758	107.983
GO:0005337	1e-05	1e-05	1e-05	1e-05	1e-05	0.0446465
GO:0005344	1e-05	1e-05	1e-05	1e-05	1e-05	0.0466881
GO:0005345	3.99521	5.76994	7.77604	5.65101	4.17556	13.3964
GO:0005351	8.78741	14.3406	18.3597	28.6952	20.5231	92.864
GO:0005354	1e-05	1e-05	1e-05	1e-05	1e-05	0.0354596
GO:0005355	1e-05	1e-05	1e-05	0.140506	1e-05	0.0756585
GO:0005363	48.4664	38.6514	25.642	144.991	63.4878	134.162
GO:0005384	9.28078	5.30007	9.5837	0.525489	3.44363	0.722244
GO:0005385	0.0774516	1e-05	1e-05	0.113894	1e-05	1e-05
GO:0005388	23.8316	26.083	24.7265	21.4531	20.2817	16.1674
GO:0005415	1e-05	1e-05	1e-05	1e-05	1e-05	0.0461534
GO:0005451	40.1699	66.8379	48.2942	55.0211	36.0767	172.359
GO:0005506	16106.8	11036.2	12261.8	14153.7	17413.2	5874.12
GO:0005507	727.419	443.035	566.94	233.029	301.665	67.6057
GO:0005509	178.511	100.804	95.7609	28.4955	32.1759	9.88152
GO:0005524	13349.4	14015.8	14082.9	8619.61	8938.68	6951.27
GO:0005525	2509.89	2759.84	2949.18	1126.04	1346.5	853.89
GO:0005528	1e-05	1e-05	1e-05	1e-05	1e-05	0.103098
GO:0005534	1e-05	1e-05	1e-05	1e-05	1e-05	0.120475
GO:0005542	4.76219	4.42169	2.07255	45.4751	12.9166	38.7195
GO:0005543	1e-05	1e-05	1e-05	1e-05	1e-05	0.0500177
GO:0008026	0.181324	0.0809953	0.108459	0.22481	0.0581553	0.0605657
GO:0008047	1.84513	2.86908	1.58348	6.11376	1.42733	3.2277
GO:0008073	1e-05	1e-05	1e-05	0.072937	1e-05	0.0983099
GO:0008080	505.924	363.85	460.736	86.2902	116.49	53.3797
GO:0008081	1e-05	1e-05	1e-05	1e-05	1e-05	0.0576492
GO:0008094	280.782	280.496	271.744	215.153	200.034	92.6392
GO:0008097	91.244	106.061	84.6703	39.2528	69.2967	48.9648
GO:0008106	0.0743148	1e-05	1e-05	1e-05	1e-05	0.105261
GO:0008108	12.0259	18.278	15.3531	5.45755	13.7924	9.59595
GO:0008113	9.24485	3.33096	5.11407	2.76349	4.97825	2.57249
GO:0008115	16.4641	21.2332	18.0473	19.3698	21.0834	24.9721
GO:0008121	2.41028	1.54104	1.69599	0.539201	0.787664	0.170857
GO:0008131	1e-05	1e-05	1e-05	1e-05	1e-05	0.0686346
GO:0008134	1e-05	1e-05	1e-05	1e-05	1e-05	0.0430911
GO:0008137	623.254	658.6	695.487	194.803	277.482	129.292
GO:0008138	1e-05	1e-05	1e-05	0.177945	1e-05	0.0208286
GO:0008143	0.947335	0.460601	1.49129	1.62162	2.22096	0.759696
GO:0008168	744.428	763.712	802.53	498.277	536.732	237.164
GO:0008170	4.84902	8.58624	7.76403	9.05695	12.183	5.71087
GO:0008171	4.95522	5.09589	5.43305	0.36897	2.00458	0.298211
GO:0008173	133.631	126.149	130.589	56.8976	62.4136	78.7149
GO:0008175	25.6325	16.4713	16.3987	6.28341	6.57398	0.704259
GO:0008176	51.0667	48.1098	41.0326	21.4238	28.1802	7.51027
GO:0008177	1e-05	1e-05	1e-05	1e-05	1e-05	0.0830956
GO:0008184	63.0364	66.9233	80.0788	15.9337	19.177	16.2507
GO:0008186	85.7461	108.893	106.114	79.552	72.1542	58.6358
GO:0008198	88.2437	99.2615	75.9854	73.359	66.9811	66.2489
GO:0008199	521.323	362.901	473.779	280.451	275.561	244.566
GO:0008233	500.693	449.565	435.549	303.083	272.723	284.145
GO:0008234	128.528	124.486	118.292	81.924	96.3913	48.7174
GO:0008235	5.22299	4.02984	4.58548	0.726528	1.84039	0.355301
GO:0008236	274.135	274.449	281.979	179.155	196.898	208.606
GO:0008237	198.212	287.98	279.833	246.054	188.44	197.023
GO:0008239	5.22299	4.02984	4.58548	0.688639	1.84039	0.309172
GO:0008251	1e-05	1e-05	1e-05	1e-05	1e-05	0.068659
GO:0008252	0.0883498	1e-05	1e-05	0.116555	1e-05	1e-05
GO:0008253	70.4739	73.5935	69.628	126.106	78.9888	313.619
GO:0008254	1e-05	1e-05	1e-05	0.161661	1e-05	1e-05
GO:0008263	1e-05	1e-05	1e-05	1e-05	1e-05	0.272497
GO:0008270	2526.42	2388.9	2427.83	1221.71	1306.46	669.065
GO:0008271	207.385	204.608	227.825	101.512	113.725	1.03295
GO:0008273	1e-05	1e-05	1e-05	1e-05	1e-05	0.0880536
GO:0008276	68.3095	67.8746	57.8263	33.4719	41.3588	22.1573
GO:0008289	808.765	901.344	933.118	444.885	688.862	71.0235
GO:0008296	1e-05	1e-05	1e-05	0.0450612	1e-05	0.00811755
GO:0008310	1e-05	1e-05	1e-05	0.0705914	1e-05	1e-05
GO:0008312	48.3257	47.9919	42.0591	26.5458	33.6807	14.2021
GO:0008320	1e-05	1e-05	1e-05	1e-05	1e-05	0.621406
GO:0008324	99.9484	139.2	162.687	131.749	102.417	195.168
GO:0008375	1e-05	1e-05	1e-05	0.0383855	1e-05	1e-05
GO:0008381	1e-05	1e-05	1e-05	1e-05	1e-05	0.132797
GO:0008408	198.769	189.648	192.488	153.56	133.618	147.012
GO:0008409	46.6433	40.0766	45.3576	15.8033	18.9304	3.56587
GO:0008410	1e-05	1e-05	1e-05	1e-05	1e-05	0.0227486
GO:0008412	1e-05	1e-05	1e-05	0.0623821	1e-05	0.100838
GO:0008413	2.23481	3.08639	2.62815	1.64873	0.189728	0.296388
GO:0008417	0.069561	1e-05	1e-05	1e-05	1e-05	0.13061
GO:0008422	329.343	390.901	380.011	199.836	159.011	44.539
GO:0008425	0.106654	1e-05	1e-05	1e-05	1e-05	1e-05
GO:0008444	67.4362	71.5545	76.7492	25.0534	30.4238	4.70906
GO:0008448	35.0114	37.6936	32.2884	65.1811	40.6153	93.7033
GO:0008452	31.2452	38.0577	35.9734	28.5783	27.7125	29.3218
GO:0008453	22.471	38.9397	33.1498	31.8029	25.3463	20.0107
GO:0008460	0.221392	0.486688	0.176628	0.305956	1e-05	0.163955
GO:0008470	1e-05	1e-05	1e-05	0.0611642	1e-05	0.065864
GO:0008474	1e-05	1e-05	1e-05	1e-05	1e-05	0.17567
GO:0008478	1e-05	1e-05	1e-05	1e-05	1e-05	0.0681243
GO:0008479	26.5023	29.8342	29.6481	7.99046	9.44072	3.17673
GO:0008483	1009.74	962.564	906.253	1492.57	1640.97	285.136
GO:0008484	62.7284	44.6346	44.8457	15.2274	21.2246	2.43826
GO:0008495	1e-05	1e-05	1e-05	0.122238	1e-05	0.0657425
GO:0008519	0.239211	0.199298	0.228308	0.248536	0.342864	0.11158
GO:0008531	49.6577	46.0075	52.5744	21.3303	25.3447	13.6867
GO:0008534	24.9227	10.9944	17.9834	5.56125	8.53306	0.769102
GO:0008551	1.34029	2.67512	2.1443	1.79235	1.36716	3.865
GO:0008556	0.0340529	1e-05	1e-05	0.835325	1e-05	1e-05
GO:0008559	0.0396151	1e-05	1e-05	1e-05	1e-05	0.090168
GO:0008565	154.762	165.284	136.419	29.6107	29.5112	15.6629
GO:0008609	0.0495755	1e-05	1e-05	1e-05	1e-05	0.0372581
GO:0008641	164.215	180.022	183.048	91.2569	109.636	44.388
GO:0008649	50.433	59.9783	64.815	15.6598	19.5737	3.10856
GO:0008650	0.0665534	1e-05	0.307047	0.561123	1e-05	0.099914
GO:0008657	0.673716	1e-05	1e-05	1e-05	1e-05	0.150029
GO:0008658	80.7581	77.9732	83.765	33.0026	39.5217	24.5186
GO:0008661	149.722	183.238	191.566	69.5775	96.8244	69.9209
GO:0008662	15.7465	17.6034	14.0036	47.5948	34.7227	58.606
GO:0008663	2.66498	2.67567	1.97859	1.26117	2.4759	2.36858
GO:0008664	39.7342	30.2323	35.4765	20.1844	21.541	12.351
GO:0008667	1e-05	1e-05	1e-05	1e-05	1e-05	0.0814186
GO:0008670	1e-05	1e-05	1e-05	0.144836	1e-05	0.039008
GO:0008671	1e-05	1e-05	1e-05	1e-05	1e-05	0.112528
GO:0008672	1e-05	1e-05	1e-05	1e-05	1e-05	0.0695339
GO:0008673	1e-05	1e-05	1e-05	0.567393	1e-05	0.0623156
GO:0008674	1e-05	1e-05	1e-05	1e-05	1e-05	0.103876
GO:0008675	1e-05	1e-05	1e-05	0.183357	1e-05	1e-05
GO:0008676	1e-05	1e-05	1e-05	0.0639608	1e-05	1e-05
GO:0008677	1e-05	1e-05	1e-05	1e-05	1e-05	0.103171
GO:0008678	1e-05	1e-05	1e-05	1e-05	1e-05	1.43953
GO:0008679	1e-05	1e-05	1e-05	1e-05	1e-05	0.0661313
GO:0008684	1e-05	1e-05	1e-05	0.205008	1e-05	1e-05
GO:0008685	21.6888	29.527	21.3913	19.3042	21.9113	21.76
GO:0008686	27.0565	30.9156	36.4527	10.3732	14.6606	2.6036
GO:0008691	1e-05	1e-05	1e-05	1e-05	1e-05	0.0760717
GO:0008692	0.0158461	1e-05	1e-05	1e-05	1e-05	0.0966572
GO:0008694	0.0481203	1e-05	1e-05	1e-05	1e-05	0.0361644
GO:0008695	1e-05	1e-05	1e-05	0.0765455	1e-05	0.172632
GO:0008697	1e-05	1e-05	1e-05	0.0656748	1e-05	1e-05
GO:0008700	1e-05	1e-05	1e-05	0.183357	1e-05	1e-05
GO:0008703	1e-05	1e-05	1e-05	1e-05	1e-05	0.0509413
GO:0008704	28.1634	30.3195	29.4897	67.3938	46.3509	37.2074
GO:0008705	35.167	26.7983	33.1248	5.56969	9.14238	1.26418
GO:0008706	1e-05	1e-05	1e-05	1e-05	1e-05	0.239638
GO:0008709	1e-05	1e-05	1e-05	1e-05	1e-05	0.157247
GO:0008710	60.6461	110.552	101.869	165.645	99.9964	134.433
GO:0008712	1e-05	1e-05	1e-05	1e-05	1e-05	0.124194
GO:0008713	0.0721157	1e-05	1e-05	0.0976553	1e-05	0.319452
GO:0008716	72.9592	61.3106	59.0546	40.9874	34.4742	21.7048
GO:0008720	1e-05	1e-05	1e-05	1e-05	1e-05	0.0311578
GO:0008721	9.88361	13.1879	10.4077	7.6177	8.65483	13.8998
GO:0008725	1e-05	1e-05	1e-05	0.324811	1e-05	0.234826
GO:0008728	7.76994	9.38304	8.45164	5.60298	7.58619	11.2513
GO:0008730	0.177767	0.186906	0.0714767	1e-05	1e-05	0.0637981
GO:0008734	20.0365	25.8602	25.377	6.784	11.9143	2.06198
GO:0008736	1e-05	1e-05	1e-05	0.0554808	1e-05	0.014947
GO:0008740	1e-05	1e-05	1e-05	1e-05	1e-05	0.0437716
GO:0008742	3.20734	2.92358	2.61482	3.5795	1.75824	6.26478
GO:0008743	38.7121	23.4366	21.2411	11.4034	14.1858	1.41977
GO:0008744	1e-05	1e-05	1e-05	0.267842	1e-05	0.0359457
GO:0008745	128.1	124.848	133.626	29.4947	36.1215	18.2657
GO:0008747	0.0434635	1e-05	1e-05	1e-05	1e-05	0.130659
GO:0008748	1e-05	1e-05	1e-05	1e-05	1e-05	0.165389
GO:0008750	0.0260975	1e-05	1e-05	1e-05	1e-05	0.0392267
GO:0008752	0.0709192	0.285567	0.10908	1e-05	0.511776	0.0532988
GO:0008756	1e-05	1e-05	1e-05	0.114796	1e-05	1e-05
GO:0008757	45.9139	41.2786	42.5034	9.83756	10.6931	2.08456
GO:0008760	229.143	204.022	228.754	85.9788	118.21	38.5198
GO:0008761	92.6222	94.632	87.8383	61.2957	61.1861	41.9718
GO:0008762	76.3167	78.7381	71.2015	36.3056	61.1795	14.6646
GO:0008763	10.4893	10.8987	11.2904	3.98627	7.10517	6.90332
GO:0008764	68.3933	61.0479	59.0159	41.878	58.8999	70.7605
GO:0008765	6.00591	7.49536	6.04182	3.91428	6.35919	11.8484
GO:0008766	103.742	117.007	118.325	111.272	104.362	96.3152
GO:0008767	28.5971	39.0528	28.3034	19.0439	28.828	15.2063
GO:0008768	1e-05	1e-05	1e-05	1e-05	1e-05	0.0161622
GO:0008771	1e-05	1e-05	1e-05	0.0994144	1e-05	0.080252
GO:0008772	0.0409087	1e-05	1e-05	0.056834	1e-05	0.0919179
GO:0008773	1e-05	1e-05	1e-05	1e-05	1e-05	0.0576492
GO:0008774	34.2944	65.9282	72.5495	9.70495	16.1959	0.677937
GO:0008775	0.24694	1e-05	1e-05	0.211098	1e-05	0.0336125
GO:0008776	86.9996	124.077	124.392	75.5669	74.8308	37.1161
GO:0008777	1e-05	1e-05	1e-05	1e-05	1e-05	0.0727663
GO:0008779	1e-05	1e-05	1e-05	1e-05	1e-05	0.0121034
GO:0008783	38.0181	39.4291	36.6205	13.3354	13.7975	1.92333
GO:0008784	25.8735	26.1066	28.4637	8.13114	12.431	5.94139
GO:0008785	348.992	417.94	520.725	159.194	159.381	16.7778
GO:0008786	1e-05	1e-05	1e-05	0.300724	1e-05	1e-05
GO:0008787	1e-05	1e-05	1e-05	0.404198	1e-05	1e-05
GO:0008791	1e-05	1e-05	1e-05	1e-05	1e-05	0.0549272
GO:0008792	88.8675	79.3391	81.5658	56.9077	65.9514	31.2184
GO:0008793	1e-05	1e-05	1e-05	1e-05	1e-05	0.0698499
GO:0008794	1e-05	1e-05	1e-05	1e-05	1e-05	0.231472
GO:0008795	11.3556	8.61994	7.16919	7.37322	9.14985	8.39707
GO:0008798	1.70167	0.99395	1.1145	0.275104	0.136474	0.0596421
GO:0008800	24928.3	49698.2	37667.8	117416	95932	211864
GO:0008801	1e-05	1e-05	1e-05	1e-05	1e-05	0.0476602
GO:0008802	1e-05	1e-05	1e-05	0.162338	1e-05	0.0319598
GO:0008803	1e-05	1e-05	1e-05	1e-05	1e-05	0.0695339
GO:0008804	22.1183	30.7455	27.2268	23.6271	17.393	82.2665
GO:0008806	1e-05	1e-05	1e-05	1e-05	1e-05	0.0732524
GO:0008808	5.86957	5.64617	4.88365	2.99236	3.14249	0.17618
GO:0008810	885.348	852.867	1025.09	258.98	290.699	277.944
GO:0008812	1e-05	1e-05	1e-05	0.088634	1e-05	0.0319598
GO:0008814	1e-05	1e-05	1e-05	1e-05	1e-05	0.0351437
GO:0008815	1e-05	1e-05	1e-05	1e-05	1e-05	0.0351437
GO:0008817	103.929	97.7671	103.208	29.3342	49.801	21.7937
GO:0008818	18.2461	14.1724	14.6174	4.22822	6.25324	0.529245
GO:0008821	99.5046	116.409	111.608	244.29	250.461	115.788
GO:0008825	1e-05	1e-05	1e-05	0.0903029	1e-05	1e-05
GO:0008827	1e-05	1e-05	1e-05	1e-05	1e-05	0.104532
GO:0008829	56.6387	57.1222	47.8695	23.718	34.0035	16.3852
GO:0008830	54.3972	40.3979	47.297	19.6226	17.5311	2.59613
GO:0008831	0.139995	0.187904	0.14355	1e-05	1e-05	0.0700929
GO:0008832	21.3615	15.7692	16.84	4.90211	7.17098	1.32146
GO:0008833	2.98876	2.42825	1.05492	2.80124	2.54521	2.4279
GO:0008834	1e-05	1e-05	1e-05	1e-05	1e-05	0.0797416
GO:0008835	1e-05	1e-05	1e-05	1e-05	1e-05	0.0509413
GO:0008836	70.1337	52.4902	52.9782	11.1718	12.879	0.525356
GO:0008837	78.7259	43.4051	40.3203	32.8304	24.0936	0.867412
GO:0008838	1e-05	1e-05	1e-05	0.0918816	1e-05	1e-05
GO:0008839	35.357	26.7306	23.6066	9.76259	10.8331	4.81184
GO:0008840	39.4255	43.0469	40.7138	60.714	37.2906	24.8116
GO:0008847	1e-05	1e-05	1e-05	1e-05	1e-05	0.0369908
GO:0008849	0.0307219	1e-05	1e-05	1e-05	1e-05	1e-05
GO:0008852	1e-05	1e-05	1e-05	0.0705914	1e-05	1e-05
GO:0008853	97.0661	56.7264	69.038	21.4675	32.4019	2.92161
GO:0008854	32.8534	28.2005	25.3602	7.99226	12.3852	1.96909
GO:0008855	100.856	107.577	117.871	26.8289	32.9928	9.96534
GO:0008859	38.5598	34.212	32.604	17.6433	15.0492	4.57448
GO:0008860	111.807	59.6931	56.2473	26.7851	18.2606	0.716775
GO:0008861	124.248	108.416	127.824	55.2215	60.7435	18.8015
GO:0008863	0.0263239	1e-05	0.0992815	0.302754	1e-05	0.173677
GO:0008866	1e-05	1e-05	1e-05	1e-05	1e-05	0.0554375
GO:0008867	1e-05	1e-05	1e-05	1e-05	1e-05	0.0335639
GO:0008868	0.07577	1e-05	1e-05	1e-05	1e-05	1e-05
GO:0008872	1e-05	1e-05	1e-05	1e-05	1e-05	0.0507469
GO:0008878	79.4275	87.5629	82.3904	36.8359	41.963	57.1605
GO:0008879	2.01888	1.58891	0.824146	5.23707	2.06363	3.5585
GO:0008880	1e-05	1e-05	1e-05	0.0705914	1e-05	0.057309
GO:0008881	50.065	51.8337	44.3002	28.2647	25.3437	5.79817
GO:0008883	6.09792	8.07752	12.4758	6.80087	6.39639	0.37873
GO:0008884	1e-05	1e-05	1e-05	1e-05	1e-05	0.0852829
GO:0008885	1e-05	1e-05	1e-05	1e-05	1e-05	0.0852829
GO:0008887	11.5215	15.5978	14.1016	11.9993	9.93042	42.9862
GO:0008888	1e-05	1e-05	1e-05	1e-05	1e-05	0.0508684
GO:0008889	13.5499	20.8246	18.283	31.2513	25.4133	44.9419
GO:0008890	59.248	109.359	101.135	165.423	98.7123	134.503
GO:0008891	1e-05	1e-05	1e-05	0.0668025	1e-05	0.0359943
GO:0008894	0.0484437	1e-05	1e-05	0.0675693	1e-05	0.254877
GO:0008897	76.6083	61.5334	66.3844	35.5736	37.0844	11.3564
GO:0008898	0.0549114	1e-05	1e-05	0.0127651	1e-05	0.0137561
GO:0008899	40.4424	34.2343	39.4573	14.6035	18.6499	1.9575
GO:0008901	294.15	345.473	342.032	111.258	126.184	88.6372
GO:0008908	1e-05	1e-05	1e-05	0.127425	1e-05	1e-05
GO:0008909	1e-05	1e-05	1e-05	1e-05	1e-05	0.0236965
GO:0008911	1e-05	1e-05	1e-05	0.0740646	1e-05	0.0389594
GO:0008914	7.72586	4.87048	6.0269	0.980296	2.19613	0.791899
GO:0008917	1e-05	1e-05	1e-05	0.0976553	1e-05	0.157831
GO:0008918	0.372512	1e-05	1e-05	0.259948	1e-05	0.671715
GO:0008919	0.22385	1e-05	1e-05	0.208121	1e-05	0.591877
GO:0008921	0.181033	1e-05	1e-05	0.407987	1e-05	0.365509
GO:0008922	1e-05	1e-05	1e-05	1e-05	1e-05	0.0121034
GO:0008923	26.2391	23.4271	26.3429	3.59976	7.43865	0.864252
GO:0008925	1e-05	1e-05	1e-05	1e-05	1e-05	0.120913
GO:0008926	1e-05	1e-05	1e-05	0.225757	1e-05	0.0243284
GO:0008929	207.253	205.703	232.855	74.5292	76.7908	23.3534
GO:0008932	1e-05	1e-05	1e-05	1e-05	1e-05	0.0509413
GO:0008933	68.0379	55.6229	61.629	12.6333	22.2586	3.6939
GO:0008934	39.8263	40.6059	32.6609	34.9784	42.6245	37.4463
GO:0008939	6.95066	5.93523	5.89497	2.08639	3.85622	0.612098
GO:0008940	1e-05	1e-05	1e-05	1e-05	1e-05	0.176593
GO:0008941	1e-05	1e-05	1e-05	1e-05	1e-05	0.0466881
GO:0008942	1e-05	1e-05	1e-05	1e-05	1e-05	0.0812241
GO:0008948	136.593	150.417	151.96	86.0155	91.9808	89.2005
GO:0008949	0.0418465	1e-05	1e-05	1e-05	1e-05	1e-05
GO:0008955	17.2018	16.7616	17.615	4.69255	6.72394	1.29329
GO:0008959	73.964	56.3004	49.8	24.122	26.167	3.84906
GO:0008960	1e-05	1e-05	1e-05	1e-05	1e-05	0.0907756
GO:0008961	49.183	44.9929	44.6553	80.3992	70.3409	48.0236
GO:0008962	0.175277	0.0322939	0.147927	0.580113	0.138901	0.359773
GO:0008963	186.001	188.244	196.914	110.665	113.922	131.557
GO:0008964	0.185011	0.15294	0.262877	1e-05	0.262166	0.0536877
GO:0008965	16.0476	25.1986	20.8846	13.3166	14.503	11.9199
GO:0008966	59.5564	63.1667	76.9179	15.3275	24.3727	5.36276
GO:0008967	43.222	34.1733	34.2202	8.67494	12.5617	1.10472
GO:0008972	0.105683	0.0708166	0.243752	0.147408	0.451147	1e-05
GO:0008973	22.4618	28.232	23.2114	14.3173	14.8909	15.6617
GO:0008977	58.5705	63.1192	61.6974	12.9249	16.9319	3.62641
GO:0008979	1e-05	1e-05	1e-05	1e-05	1e-05	0.0479276
GO:0008980	1e-05	1e-05	1e-05	1e-05	1e-05	0.0457159
GO:0008982	379.171	475.558	428.284	733.664	552.953	1257.46
GO:0008983	26.3392	37.7532	48.722	4.45073	3.99773	1.39005
GO:0008984	97.557	98.8375	97.2133	37.5445	29.1477	20.1425
GO:0008986	0.322516	0.352955	0.495985	0.355077	0.574832	0.607431
GO:0008987	79.0776	86.3151	88.7446	33.242	39.5666	3.84342
GO:0008989	1e-05	1e-05	1e-05	1e-05	1e-05	0.151123
GO:0008993	1e-05	1e-05	1e-05	1e-05	1e-05	0.0552431
GO:0008998	0.121465	0.059683	0.0912236	0.268834	0.213999	0.137926
GO:0008999	1.58729	3.346	1.22769	3.60458	3.88773	7.87636
GO:0009001	41.6856	18.8175	25.6384	6.72188	12.2732	1.70935
GO:0009002	95.1614	76.4782	77.3469	43.4606	41.1042	11.5977
GO:0009007	34.3512	34.5571	37.9433	20.5403	23.5113	2.28859
GO:0009010	1e-05	1e-05	1e-05	1e-05	1e-05	0.0770925
GO:0009011	161.329	191.763	199.654	33.0288	41.8189	28.4469
GO:0009013	1e-05	1e-05	1e-05	1e-05	1e-05	0.0781861
GO:0009014	1e-05	1e-05	1e-05	1e-05	1e-05	0.0496046
GO:0009017	1e-05	1e-05	1e-05	1e-05	1e-05	0.118701
GO:0009018	1e-05	1e-05	1e-05	0.165946	1e-05	1e-05
GO:0009022	41.7264	44.7456	49.8565	19.5707	22.0906	3.27018
GO:0009024	216.128	206.169	207.117	133.368	134.531	134.941
GO:0009025	1e-05	1e-05	1e-05	1e-05	1e-05	0.103414
GO:0009026	0.0489934	1e-05	1e-05	1e-05	1e-05	0.037331
GO:0009027	1e-05	1e-05	1e-05	0.0963923	1e-05	1e-05
GO:0009028	0.0197914	1e-05	1e-05	0.225667	1e-05	0.0297725
GO:0009030	0.872342	0.508174	1.04805	1.07344	0.75966	0.732208
GO:0009032	1e-05	1e-05	1e-05	1e-05	1e-05	0.0414384
GO:0009033	1e-05	1e-05	1e-05	1e-05	1e-05	0.023818
GO:0009034	2.26893	0.870287	0.332439	5.98882	2.92195	8.04622
GO:0009035	0.0671032	0.0825362	0.0687908	0.0935957	0.145202	0.0504309
GO:0009036	1e-05	1e-05	1e-05	0.0195762	1e-05	1e-05
GO:0009037	100.221	67.0833	66.3327	37.0454	35.3561	20.305
GO:0009039	2.2221	1.13578	1.02724	1.87584	0.628694	0.0309634
GO:0009045	1e-05	1e-05	1e-05	0.0769063	1e-05	1e-05
GO:0009055	14837.9	10529.7	11709.4	14039.6	17087.6	6265.93
GO:0009378	53.3793	65.5055	62.3641	33.9917	47.2441	23.5227
GO:0009381	76.1268	83.328	86.4396	41.4473	48.8858	33.0723
GO:0009389	1e-05	1e-05	1e-05	0.252686	1e-05	0.102199
GO:0009678	46.8286	34.4745	27.1477	128.399	76.3616	329.96
GO:0009882	0.0304632	1e-05	1e-05	1e-05	1e-05	0.0457645
GO:0009927	0.0390654	1e-05	1e-05	0.0824995	1e-05	0.0862308
GO:0009982	282.881	223.807	224.307	109.994	130.899	70.3399
GO:0010181	871.377	763.525	831.394	281.643	351.531	79.7964
GO:0010285	21.7579	20.9314	14.832	14.7784	6.67792	0.157101
GO:0010340	0.2764	0.618316	0.212515	0.128508	0.465523	1e-05
GO:0015020	1e-05	1e-05	1e-05	1e-05	1e-05	0.0280226
GO:0015035	2201.69	1439.39	1827.91	795.836	885.684	145.999
GO:0015036	1e-05	1e-05	1e-05	1e-05	1e-05	0.101688
GO:0015075	19.128	35.2874	17.3804	31.7417	19.0135	70.5704
GO:0015078	996.899	1155.27	1167.5	544.595	810.498	246.541
GO:0015079	0.876125	0.256746	0.343382	0.355799	0.73609	0.40753
GO:0015081	66.4675	57.0023	46.845	43.3408	44.5481	60.2483
GO:0015087	1.53742	0.476835	1.00187	1.39771	1.08189	1.96107
GO:0015091	1e-05	1e-05	1e-05	1e-05	1e-05	0.0223597
GO:0015093	2.55047	3.75402	4.17142	6.00289	8.23393	6.34015
GO:0015094	1e-05	1e-05	1e-05	0.0220119	1e-05	0.0237208
GO:0015095	22.4521	20.5815	21.5822	6.66595	8.08905	3.45443
GO:0015098	0.449155	0.352889	1.2966	1e-05	0.566151	0.436355
GO:0015099	0.0478292	1e-05	1e-05	0.0220119	1e-05	0.120232
GO:0015103	2.3099	2.56268	1.55391	5.86013	5.70109	0.44909
GO:0015105	0.185755	1e-05	1e-05	0.0395583	1e-05	1e-05
GO:0015109	1e-05	0.212775	0.121913	0.110556	0.228794	0.238277
GO:0015112	1e-05	1e-05	1e-05	1e-05	1e-05	0.15331
GO:0015113	1e-05	1e-05	1e-05	1e-05	1e-05	0.15331
GO:0015116	1e-05	1e-05	0.0751824	1e-05	1e-05	1e-05
GO:0015128	123.21	105.365	84.4667	262.895	295.704	210.961
GO:0015129	1e-05	1e-05	1e-05	0.119757	1e-05	0.161403
GO:0015143	1e-05	1e-05	1e-05	0.0694638	1e-05	0.0374282
GO:0015144	0.178543	1e-05	1e-05	0.245965	1e-05	0.525138
GO:0015145	5.54124	4.0153	2.48895	18.7236	15.9374	13.8332
GO:0015153	1e-05	1e-05	1e-05	0.119351	1e-05	0.0960253
GO:0015159	1e-05	1e-05	1e-05	0.186966	1e-05	0.147258
GO:0015169	1e-05	1e-05	1e-05	1e-05	1e-05	0.0724747
GO:0015171	3.23389	1e-05	1e-05	0.11042	1e-05	0.37314
GO:0015173	0.134886	1e-05	1e-05	0.199641	1e-05	0.246224
GO:0015179	0.179351	1e-05	1e-05	0.523098	1e-05	0.460343
GO:0015181	1e-05	1e-05	1e-05	1e-05	1e-05	0.0498962
GO:0015185	1e-05	1e-05	1e-05	1e-05	1e-05	0.0388622
GO:0015188	1e-05	1e-05	1e-05	1e-05	1e-05	0.145411
GO:0015190	1e-05	1e-05	1e-05	1e-05	1e-05	0.246832
GO:0015197	1e-05	1e-05	1e-05	1e-05	1e-05	0.233756
GO:0015199	1e-05	1e-05	1e-05	1e-05	1e-05	0.265619
GO:0015205	1e-05	1e-05	1e-05	1e-05	1e-05	0.186874
GO:0015207	0.054588	1e-05	1e-05	0.151873	1e-05	0.123489
GO:0015208	0.0530681	1e-05	1e-05	1e-05	1e-05	0.0803249
GO:0015210	0.0548468	1e-05	1e-05	1e-05	1e-05	1e-05
GO:0015211	1e-05	1e-05	1e-05	1e-05	1e-05	0.141109
GO:0015212	0.0584364	1e-05	1e-05	1e-05	1e-05	0.0219952
GO:0015213	0.0584364	1e-05	1e-05	1e-05	1e-05	0.0219952
GO:0015214	0.0584364	1e-05	1e-05	1e-05	1e-05	0.0219952
GO:0015218	0.0548468	1e-05	1e-05	1e-05	1e-05	1e-05
GO:0015220	1e-05	1e-05	1e-05	1e-05	1e-05	0.265619
GO:0015221	1e-05	1e-05	1e-05	0.416332	1e-05	1e-05
GO:0015225	474.813	319.404	271.753	228.553	197.164	9.47858
GO:0015230	0.0780984	1e-05	1e-05	1e-05	1e-05	0.0959524
GO:0015232	0.0756407	1e-05	1e-05	1e-05	1e-05	0.237475
GO:0015233	1e-05	1e-05	1e-05	1e-05	1e-05	0.111993
GO:0015234	6.56379	9.92735	9.90637	25.477	13.8448	35.435
GO:0015235	0.0381599	1e-05	1e-05	0.0530902	1e-05	0.0914562
GO:0015238	130.881	117.634	121.927	30.7446	48.1493	12.022
GO:0015288	0.781017	1e-05	1e-05	0.928875	1e-05	1.54856
GO:0015291	1e-05	1e-05	1e-05	1e-05	1e-05	0.0773355
GO:0015292	1e-05	1e-05	1e-05	0.0807855	1e-05	1e-05
GO:0015293	0.350036	1e-05	1e-05	0.82071	1e-05	1.78885
GO:0015294	0.0281348	1e-05	1e-05	1e-05	1e-05	0.36388
GO:0015295	0.0261298	1e-05	1e-05	1e-05	1e-05	0.0392997
GO:0015297	133.283	120.197	123.48	36.9337	53.8504	12.7682
GO:0015299	2.00582	1.11039	1.39514	0.381104	0.51817	0.413485
GO:0015307	1e-05	1e-05	1e-05	1e-05	1e-05	0.265619
GO:0015315	1e-05	1e-05	1e-05	1e-05	1e-05	0.0724747
GO:0015321	680.089	576.173	639.719	298.103	340.16	100.206
GO:0015333	1e-05	1e-05	1e-05	0.253047	1e-05	0.115323
GO:0015343	1e-05	1e-05	1e-05	0.117682	1e-05	0.0426293
GO:0015385	1e-05	1e-05	1e-05	0.0323864	1e-05	0.151584
GO:0015386	1e-05	1e-05	1e-05	1e-05	1e-05	0.151584
GO:0015388	1e-05	1e-05	1e-05	1e-05	1e-05	0.0557049
GO:0015407	1e-05	1e-05	1e-05	1e-05	1e-05	0.0354596
GO:0015412	1e-05	1e-05	0.0785896	0.498786	1e-05	0.106914
GO:0015413	1e-05	1e-05	1e-05	0.0733429	1e-05	1e-05
GO:0015415	1.71157	0.901517	0.412869	0.985303	0.541461	0.685301
GO:0015419	1272.55	1083.96	1110.28	689.438	791.322	61.6675
GO:0015420	42.6066	32.102	34.4749	12.2331	14.3187	2.30271
GO:0015424	13.1018	13.851	13.8828	7.12933	8.68545	6.33663
GO:0015430	1e-05	1e-05	1e-05	0.0978357	1e-05	1e-05
GO:0015439	1e-05	1e-05	1e-05	0.192785	1e-05	1e-05
GO:0015444	0.101479	1e-05	1e-05	1e-05	1e-05	1e-05
GO:0015446	0.31359	1e-05	1e-05	1e-05	1e-05	1e-05
GO:0015450	1792.4	1525.45	1752.16	617.147	799.033	375.607
GO:0015459	0.0427844	1e-05	1e-05	0.176185	1e-05	0.208748
GO:0015473	0.203735	1e-05	1e-05	0.136672	1e-05	0.242579
GO:0015481	1e-05	1e-05	1e-05	1e-05	1e-05	0.0408065
GO:0015487	0.212208	1e-05	1e-05	0.0880025	1e-05	0.142252
GO:0015489	0.0261298	1e-05	1e-05	1e-05	1e-05	0.0392997
GO:0015496	1e-05	1e-05	1e-05	1e-05	1e-05	0.103876
GO:0015499	1e-05	1e-05	1e-05	1e-05	1e-05	0.139019
GO:0015501	0.0613145	1e-05	1e-05	0.0854314	1e-05	0.23327
GO:0015503	0.0393888	1e-05	1e-05	1e-05	1e-05	0.132068
GO:0015513	1e-05	1e-05	1e-05	1e-05	1e-05	0.143588
GO:0015517	0.0554289	1e-05	1e-05	1e-05	1e-05	0.0410252
GO:0015518	0.0554289	1e-05	1e-05	1e-05	1e-05	0.0410252
GO:0015527	1e-05	1e-05	1e-05	1e-05	1e-05	0.0724747
GO:0015535	0.0554289	1e-05	1e-05	1e-05	1e-05	0.0410252
GO:0015538	0.103387	1e-05	1e-05	1e-05	1e-05	0.0194189
GO:0015542	0.0624787	1e-05	1e-05	1e-05	1e-05	0.117413
GO:0015546	1e-05	1e-05	1e-05	0.0494366	1e-05	0.0266372
GO:0015556	1e-05	1e-05	1e-05	0.0759591	1e-05	0.167188
GO:0015558	1e-05	1e-05	1e-05	1e-05	1e-05	0.0773355
GO:0015562	0.0861185	1e-05	1e-05	1e-05	1e-05	0.177055
GO:0015565	1e-05	1e-05	1e-05	1e-05	1e-05	0.0443792
GO:0015568	0.0552672	1e-05	1e-05	1e-05	1e-05	0.145363
GO:0015572	1e-05	1e-05	1e-05	1e-05	1e-05	0.0270504
GO:0015574	0.0431401	1e-05	1e-05	1e-05	1e-05	0.0383275
GO:0015577	1e-05	1e-05	1e-05	1e-05	1e-05	0.122468
GO:0015591	0.109467	1e-05	1e-05	0.0664868	1e-05	0.122857
GO:0015592	0.212208	1e-05	1e-05	0.0880025	1e-05	0.142252
GO:0015594	50.9936	98.4303	104.586	16.7626	24.2779	1.49691
GO:0015595	50.9279	98.4303	104.586	16.7626	24.2779	1.49691
GO:0015606	1e-05	1e-05	1e-05	1e-05	1e-05	0.251401
GO:0015612	4.79958	3.82395	3.25868	6.05995	4.31054	1.68101
GO:0015614	1e-05	1e-05	1e-05	0.0323864	1e-05	0.0174503
GO:0015616	1e-05	1e-05	1e-05	1e-05	1e-05	0.0241582
GO:0015620	0.0327593	1e-05	1e-05	0.0917012	1e-05	0.053153
GO:0015623	1e-05	1e-05	1e-05	0.139198	1e-05	1e-05
GO:0015643	1e-05	1e-05	1e-05	0.406363	1e-05	0.107934
GO:0015648	1e-05	1e-05	1e-05	1e-05	1e-05	0.0443792
GO:0015655	1e-05	1e-05	1e-05	0.139018	1e-05	0.0759016
GO:0015658	0.516032	1.11601	1.18974	1.51941	2.06521	19.4622
GO:0015661	1e-05	1e-05	1e-05	1e-05	1e-05	0.129711
GO:0015926	20.6395	15.454	14.4016	6.46965	6.84132	1.0845
GO:0016149	217.129	236.443	226.088	103.282	123.273	108.72
GO:0016151	123.64	161.464	185.078	129.353	116.694	95.5613
GO:0016153	4.555	2.92599	1.77538	37.127	10.6455	18.4303
GO:0016154	25.1916	41.2712	34.0698	28.296	24.7419	31.3666
GO:0016162	100.319	91.8518	104.811	18.4872	25.9726	29.1765
GO:0016163	1.44442	0.836213	2.16848	0.7655	1.22402	0.545869
GO:0016208	0.431271	1e-05	0.461639	0.128914	0.603863	0.383591
GO:0016209	517.337	243.783	344.836	201.502	156.565	54.6751
GO:0016298	1e-05	1e-05	1e-05	1e-05	1e-05	0.0364075
GO:0016301	1353.44	1272.8	1243.18	712.31	685.338	567.597
GO:0016405	0.47619	0.187709	0.517149	0.702937	0.161957	0.294541
GO:0016407	0.0524537	0.0704043	1e-05	0.0817327	1e-05	0.0728149
GO:0016410	1e-05	1e-05	1e-05	1e-05	1e-05	0.118215
GO:0016413	1e-05	1e-05	1e-05	0.223276	1e-05	1e-05
GO:0016415	1e-05	1e-05	1e-05	1e-05	1e-05	0.341083
GO:0016416	1e-05	1e-05	1e-05	1e-05	1e-05	0.118264
GO:0016429	15.2462	8.2845	11.0983	3.23462	4.53042	1.10792
GO:0016430	1e-05	1e-05	1e-05	0.140416	1e-05	1e-05
GO:0016434	1e-05	1e-05	1e-05	1e-05	1e-05	0.129006
GO:0016437	1e-05	0.0178615	0.0614043	0.0742451	0.15365	0.0223111
GO:0016462	84.084	105.757	109.841	43.0339	57.2489	55.8796
GO:0016463	1.34029	2.67512	2.1443	1.79235	1.36716	3.865
GO:0016491	10297.8	8026.85	7621.57	14052.3	15841.3	6615.84
GO:0016597	497.639	501.965	545.858	188.689	230.082	97.9473
GO:0016614	40.605	36.3999	34.1845	25.4638	31.2073	50.5726
GO:0016616	381.468	487.706	518.415	188.293	257.394	127.06
GO:0016620	1e-05	1e-05	1e-05	0.112225	1e-05	0.0302342
GO:0016624	4.77089	5.2151	5.23805	20.7678	10.9993	160.445
GO:0016625	281.721	280.777	276.6	294.933	222.067	445.336
GO:0016627	1e-05	1e-05	1e-05	1e-05	1e-05	0.0368206
GO:0016628	7.39054	7.57577	11.0282	2.41955	3.08653	0.937772
GO:0016639	0.294898	0.109795	0.100799	0.388095	0.425617	0.179704
GO:0016645	0.238855	0.2735	0.201	0.522873	0.166391	0.335372
GO:0016651	68.0534	120.885	124.867	86.0745	82.7121	112.445
GO:0016652	0.0709192	0.285567	0.10908	1e-05	0.511776	0.0532988
GO:0016655	0.156229	1e-05	1e-05	1e-05	1e-05	1e-05
GO:0016661	0.0709192	0.285567	0.10908	1e-05	0.511776	0.0532988
GO:0016667	1e-05	1e-05	1e-05	1e-05	1e-05	0.0564826
GO:0016668	1e-05	1e-05	1e-05	1e-05	1e-05	0.0206584
GO:0016671	1e-05	1e-05	1e-05	1e-05	1e-05	0.0685131
GO:0016682	0.023187	1e-05	1e-05	0.0646374	1e-05	0.0920638
GO:0016692	91.2171	108.043	75.3205	100.891	72.7031	56.6641
GO:0016705	12.8244	5.29137	6.22444	6.3337	1.48707	6.27951
GO:0016706	1e-05	1e-05	1e-05	1e-05	1e-05	0.0500177
GO:0016708	1e-05	1e-05	1e-05	1e-05	1e-05	0.0498476
GO:0016722	1e-05	1e-05	1e-05	1e-05	1e-05	0.068659
GO:0016726	34.5337	26.5046	23.4627	9.30097	10.4549	4.49934
GO:0016730	0.422055	0.283701	0.650205	0.416738	0.610117	1e-05
GO:0016740	1505.15	1558.42	1593.6	1138.52	1149.87	1431.28
GO:0016741	1e-05	1e-05	1e-05	1e-05	1e-05	0.0964628
GO:0016742	1e-05	1e-05	1e-05	0.049211	1e-05	0.0265157
GO:0016743	16.8578	14.7058	16.6064	6.4719	12.0109	6.11293
GO:0016744	0.347061	0.266447	0.076401	0.346552	0.501741	0.149324
GO:0016746	49.5157	52.8752	51.2694	33.998	36.0857	46.2188
GO:0016747	201.393	287.66	313.882	93.4149	151.594	89.5512
GO:0016755	4.19435	4.29486	5.19669	0.942452	2.10419	0.201408
GO:0016757	213.466	212.029	207.87	108.206	123.841	48.1157
GO:0016758	65.7839	61.4397	60.6222	28.4907	36.8606	25.6559
GO:0016760	1e-05	1e-05	1e-05	1e-05	1e-05	0.0393726
GO:0016763	0.422896	1.27641	0.728719	1.749	1.14346	3.13863
GO:0016765	128.559	119.019	118.004	54.7926	60.8742	7.03943
GO:0016772	0.234489	1e-05	1e-05	0.287237	0.187441	1e-05
GO:0016773	64.5291	53.3961	52.7354	37.5679	44.5877	14.0297
GO:0016774	0.248783	1e-05	0.61285	0.117006	0.120978	0.114132
GO:0016775	46.4737	61.8042	53.3925	172.408	103.14	6.59697
GO:0016776	1e-05	1e-05	1e-05	1e-05	1e-05	0.0975565
GO:0016779	463.134	435.155	459.621	213.123	250.55	122.501
GO:0016780	0.411124	0.431063	0.534235	0.59996	0.121071	0.28917
GO:0016783	70.4174	95.2811	104.14	59.1457	64.684	51.559
GO:0016787	3003.78	2604.06	2586.6	1381.29	1469.39	998.414
GO:0016788	293.836	258.192	257.244	151.136	130.82	43.333
GO:0016790	13.8948	8.14849	6.21626	5.04993	3.35602	1.01686
GO:0016791	18.8859	24.3596	22.7806	8.87138	10.1261	2.98315
GO:0016795	1e-05	1e-05	1e-05	0.0378893	1e-05	0.0461291
GO:0016798	140.844	125.597	98.7041	78.4089	89.1165	112.883
GO:0016805	21.2198	23.1164	26.6542	13.7913	20.5591	18.2892
GO:0016807	1e-05	1e-05	1e-05	1e-05	1e-05	0.0143151
GO:0016810	396.907	391.702	371.498	278.836	299.88	301.31
GO:0016811	6.15199	7.4956	6.49899	6.65377	6.46948	23.8251
GO:0016812	1e-05	1e-05	1e-05	1e-05	1e-05	0.0786479
GO:0016813	17.6021	29.1499	23.9334	26.696	20.0835	31.334
GO:0016817	1e-05	1e-05	1e-05	1e-05	1e-05	0.123538
GO:0016818	0.151831	1e-05	1e-05	1e-05	1e-05	0.127402
GO:0016820	0.557296	0.0469868	0.744661	0.292921	0.104082	0.516534
GO:0016829	704.317	773.308	769.239	313.202	347.876	215.679
GO:0016831	0.0576602	0.0580336	0.177324	0.321247	0.290917	0.286302
GO:0016832	55.465	45.198	51.4121	33.2177	33.5688	4.18625
GO:0016833	0.252599	0.0565144	0.19431	0.501086	0.121538	0.0401017
GO:0016835	1e-05	1e-05	1e-05	1e-05	1e-05	0.065062
GO:0016836	380.865	137.255	248.642	60.609	113.01	28.0274
GO:0016837	0.0656156	1e-05	1e-05	1e-05	1e-05	0.55124
GO:0016840	33.772	36.3649	40.1001	11.1617	11.5857	3.04151
GO:0016851	57.0848	36.3545	41.9706	16.3345	20.9491	5.69072
GO:0016852	1.36338	0.457866	0.419758	0.379841	0.196916	1e-05
GO:0016853	348.075	360.901	337.048	357.58	296.421	162.51
GO:0016855	1e-05	1e-05	1e-05	1e-05	1e-05	0.0595692
GO:0016857	89.8748	88.9785	100.769	27.3266	36.3442	6.1219
GO:0016861	8.15105	10.4749	8.87252	4.81488	8.82271	13.9383
GO:0016862	65.2845	43.3716	28.5364	5.65737	20.9109	3.3367
GO:0016868	22.7957	31.5825	29.9251	9.65199	16.5116	23.8758
GO:0016869	1e-05	1e-05	1e-05	1e-05	1e-05	0.027658
GO:0016872	0.524763	0.791896	0.404388	2.00534	1.13095	0.782007
GO:0016874	196.398	269.232	281.394	219.333	197.545	192.968
GO:0016878	1e-05	1e-05	1e-05	0.0642766	1e-05	0.069704
GO:0016879	73.8471	72.136	79.196	22.2378	33.0802	8.56013
GO:0016881	23.9263	21.6319	23.5333	7.79537	8.27644	1.61858
GO:0016884	1162.66	1075.61	1246.55	283.671	515.531	81.9279
GO:0016887	2076.13	2193.85	2440.02	1300.99	1327.36	1238.08
GO:0016888	29.6912	41.0375	46.0516	18.4815	20.988	26.4127
GO:0016901	1e-05	1e-05	1e-05	1e-05	1e-05	0.0155303
GO:0016903	114.344	134.099	166.456	43.7609	61.9239	29.5536
GO:0016920	67.0996	88.171	78.6609	59.7194	71.071	40.8456
GO:0016966	1e-05	1e-05	1e-05	0.124584	1e-05	0.0447681
GO:0016985	135.834	117.098	128.966	52.9957	46.4253	41.2293
GO:0016987	1065.32	991.807	1021.57	388.982	462.444	235.297
GO:0016989	4.4064	4.12021	4.88044	1.65441	1.24413	0.0604685
GO:0016992	39.0065	37.2339	30.6123	36.02	42.7352	33.1878
GO:0016993	0.0686555	0.276473	0.158398	0.0957608	1e-05	0.206512
GO:0016994	0.340787	0.171605	0.393172	0.35634	1e-05	1e-05
GO:0017057	1e-05	1e-05	1e-05	0.0532706	1e-05	1e-05
GO:0017061	80.0514	87.092	90.3719	51.6302	52.7732	56.8616
GO:0017103	12.0259	18.278	15.3531	5.45755	13.7924	9.59595
GO:0017108	0.0772576	0.103718	0.475343	0.32251	1e-05	0.335566
GO:0017111	132.293	134.008	120.129	98.1461	107.896	44.9633
GO:0017116	0.0384186	1e-05	1e-05	1e-05	1e-05	0.110802
GO:0017150	114.182	94.8384	85.0827	61.0745	48.933	10.0255
GO:0017153	1e-05	1e-05	1e-05	0.0387464	1e-05	0.170153
GO:0018455	1e-05	1e-05	1e-05	1e-05	1e-05	0.0479276
GO:0018492	33.6393	37.8473	43.6714	29.1451	31.3103	0.2139
GO:0018493	2.40061	1.62173	2.70077	3.31902	3.50888	1.53774
GO:0018537	17.9235	7.34774	8.43702	8.41721	3.21927	7.03269
GO:0018580	24.2261	47.2665	39.3985	9.87973	8.77324	90.8081
GO:0018697	1.36341	0.836213	2.14768	0.7655	1.22402	0.545869
GO:0018738	1e-05	1e-05	1e-05	1e-05	1e-05	0.0710651
GO:0018741	1e-05	1e-05	1e-05	1e-05	1e-05	0.0264671
GO:0018759	0.874961	0.160406	0.428189	0.166442	0.459268	0.209234
GO:0018801	16.441	17.9128	15.8808	10.5367	13.8552	21.7383
GO:0019003	1e-05	1e-05	1e-05	1e-05	1e-05	0.0286545
GO:0019104	171.073	108.132	107.603	53.0236	48.7669	31.4191
GO:0019107	1e-05	1e-05	1e-05	1e-05	1e-05	0.029578
GO:0019134	104.702	129.738	131.475	39.6301	49.9847	23.5292
GO:0019143	1e-05	1e-05	1e-05	0.21633	1e-05	1e-05
GO:0019144	1e-05	1e-05	1e-05	1e-05	1e-05	0.118264
GO:0019146	0.0772576	1e-05	1e-05	0.107759	1e-05	1e-05
GO:0019148	1e-05	1e-05	1e-05	0.107759	1e-05	0.0580624
GO:0019159	1e-05	1e-05	1e-05	1e-05	1e-05	0.0696311
GO:0019164	930.088	1142.75	1160.31	413.001	482.906	53.9385
GO:0019172	0.175277	1e-05	1e-05	1e-05	1e-05	1e-05
GO:0019180	1e-05	1e-05	1e-05	0.0459634	1e-05	1e-05
GO:0019239	119.676	125.444	133.282	41.7632	53.2952	1e-05
GO:0019808	32.8495	72.8267	83.8084	7.52225	14.2759	2.86812
GO:0019825	1e-05	1e-05	1e-05	1e-05	1e-05	0.0466881
GO:0019829	45.92	55.2495	79.3547	19.1135	21.8896	5.67291
GO:0019843	7408.42	7748.98	8672.29	2374.98	3412.04	2335.91
GO:0020037	45.9608	54.3817	64.733	17.7679	23.9784	1.75582
GO:0022820	25.4754	26.9227	25.7575	4.77929	7.99094	1.94099
GO:0022857	0.102935	1e-05	1e-05	0.523008	1e-05	0.641821
GO:0022872	0.0426873	1e-05	1e-05	0.29901	1e-05	0.201845
GO:0022877	8.55328	14.3406	18.3597	28.8183	20.5231	92.4791
GO:0022885	61.1063	35.7906	39.2775	21.4841	25.0548	7.07246
GO:0022889	1e-05	1e-05	1e-05	1e-05	1e-05	0.0443792
GO:0022891	0.0769342	1e-05	1e-05	0.306904	1e-05	0.698766
GO:0030060	1e-05	0.104847	0.240295	0.162202	0.281489	0.440074
GO:0030145	463.56	485.236	545.885	231.399	223.458	55.1761
GO:0030151	17.7204	19.7137	18.5172	13.2799	20.6429	14.7401
GO:0030170	1844.18	1890.42	1891.96	1906.27	2056.53	602.917
GO:0030234	418.149	269.392	282.021	93.1264	132.648	30.1924
GO:0030246	887.145	857.024	951.603	439.242	423.134	488.543
GO:0030248	349.076	317.694	368.944	93.088	115.552	96.9815
GO:0030266	1e-05	1e-05	1e-05	1e-05	1e-05	0.0327619
GO:0030268	28.2812	10.4144	10.4726	21.7131	5.96223	6.52795
GO:0030269	22.9934	18.9856	22.4062	23.6886	9.15881	26.7966
GO:0030270	2.66469	0.893184	0.989756	1.07935	0.430891	0.615063
GO:0030272	97.9911	85.4843	112.805	17.0263	28.8063	4.04441
GO:0030337	1.1055	0.519394	0.595043	0.0770868	0.159437	0.179753
GO:0030409	4.76219	4.42169	2.07255	45.4751	12.9166	38.7195
GO:0030410	0.19869	0.165789	0.458381	1e-05	1e-05	1e-05
GO:0030515	1e-05	1.44687	3.85666	4.51064	1e-05	1e-05
GO:0030599	0.332929	0.349135	0.495139	0.203159	0.150196	0.218955
GO:0030604	18.452	23.586	25.5152	5.92476	12.792	6.30255
GO:0030674	1e-05	1e-05	1e-05	0.0755531	1e-05	0.0814915
GO:0030697	1e-05	1e-05	1e-05	1e-05	1e-05	0.0511114
GO:0030698	42.0487	49.4214	49.5534	24.8852	33.2904	16.943
GO:0030699	113.778	154.387	115.624	244.91	194.567	149.417
GO:0030788	0.471145	0.513556	0.226492	1e-05	0.170032	0.177006
GO:0030798	1e-05	1e-05	1e-05	1e-05	1e-05	0.0798145
GO:0030955	90.918	114.013	91.3702	221.728	172.006	82.6554
GO:0030976	711.694	734.696	857.798	307.356	372.93	176.047
GO:0030983	96.6145	100.232	91.8449	44.2317	54.4805	37.764
GO:0031071	130.986	99.4755	114.906	51.7516	56.0209	4.05751
GO:0031176	96.3288	102.867	127.287	57.7899	60.4228	39.2754
GO:0031218	20.6395	15.454	14.4016	6.44917	6.84132	1.0845
GO:0031220	1e-05	1e-05	1e-05	0.0803795	1e-05	0.0643814
GO:0031402	1e-05	1e-05	1e-05	1e-05	1e-05	0.200047
GO:0031418	1e-05	1e-05	1e-05	1e-05	1e-05	0.0692422
GO:0031419	170.708	238.668	253.182	240.23	221.709	154.579
GO:0031956	0.0216994	1e-05	1e-05	1e-05	1e-05	0.0767036
GO:0031992	1e-05	1e-05	1e-05	1e-05	1e-05	0.0426293
GO:0032135	1e-05	1e-05	1e-05	1e-05	1e-05	0.315175
GO:0032450	1e-05	1e-05	1e-05	1e-05	1e-05	0.016867
GO:0032549	59.6743	73.3699	74.5482	22.0045	32.9571	35.0364
GO:0033094	27.8609	46.613	40.5953	61.3663	53.7552	176.201
GO:0033592	0.027294	1e-05	1e-05	1e-05	1e-05	1e-05
GO:0033608	1e-05	1e-05	1e-05	1e-05	1e-05	0.0441605
GO:0033680	0.0256771	1e-05	1e-05	0.0179072	1e-05	0.0579166
GO:0033721	1e-05	1e-05	1e-05	1e-05	1e-05	0.0479276
GO:0033726	39.5824	80.2354	70.1212	39.8562	34.6766	209.021
GO:0033739	1e-05	1e-05	1e-05	0.129049	1e-05	0.0694853
GO:0033743	1.40121	1.68072	1.99371	1.97737	2.10927	2.37813
GO:0033748	1e-05	1e-05	1e-05	0.0465498	1e-05	0.0312793
GO:0033764	1e-05	1e-05	1e-05	1e-05	1e-05	1.43953
GO:0033785	1e-05	1e-05	1e-05	0.0702306	1e-05	0.0189329
GO:0033786	1e-05	1e-05	1e-05	0.0702306	1e-05	0.0189329
GO:0033794	22.4047	31.4085	30.153	37.5771	35.7679	39.2407
GO:0033795	22.4047	31.4085	30.153	37.5771	35.7679	39.2407
GO:0033817	21.9105	28.3962	18.499	4.16665	3.17819	66.4879
GO:0033818	37.8774	62.7221	91.367	7.83488	19.5069	4.04767
GO:0033819	1e-05	1e-05	1e-05	1e-05	1e-05	0.341083
GO:0033856	0.0555582	1e-05	1e-05	1e-05	1e-05	1e-05
GO:0033862	333.813	224.319	190.647	80.7567	107.429	43.472
GO:0033883	0.0419435	1e-05	1e-05	0.138477	1e-05	0.0746134
GO:0033897	1e-05	1e-05	1e-05	1e-05	1e-05	0.0369908
GO:0033905	20.6253	25.6185	38.1925	19.8209	19.9949	16.3941
GO:0033971	0.246875	1e-05	1e-05	1e-05	1e-05	1e-05
GO:0033990	0.131458	1e-05	1e-05	1e-05	0.94332	0.395184
GO:0034015	1e-05	1e-05	1e-05	1e-05	1e-05	0.0683187
GO:0034023	35.6437	36.4129	28.6754	4.64663	5.34754	5.36721
GO:0034028	1e-05	1e-05	1e-05	0.0982867	1e-05	0.0529585
GO:0034038	0.0417172	1e-05	0.28919	1e-05	1e-05	0.125603
GO:0034039	0.0819791	0.0550169	0.189038	1e-05	1e-05	1e-05
GO:0034040	0.040456	1e-05	1e-05	1e-05	1e-05	0.150977
GO:0034200	1e-05	1e-05	1e-05	0.21227	1e-05	0.114108
GO:0034257	9.66661	7.03481	6.88935	2.8431	4.78624	0.0875918
GO:0034567	1e-05	1e-05	1e-05	1e-05	1e-05	0.165389
GO:0034618	66.983	57.1298	46.3072	61.8876	60.9099	60.3777
GO:0034639	0.215603	1e-05	1e-05	1e-05	1e-05	0.162035
GO:0034700	1e-05	1e-05	1e-05	1e-05	1e-05	0.0890257
GO:0034979	170.964	132.763	111.654	131.267	119.606	45.9588
GO:0035312	0.0883498	1e-05	1e-05	0.116555	1e-05	1e-05
GO:0035368	1e-05	1e-05	1e-05	1e-05	1e-05	0.0286545
GO:0035438	1947.91	1436.29	1387.52	669.018	528.744	200.484
GO:0035527	1e-05	1e-05	1e-05	0.151106	1e-05	1e-05
GO:0036009	13.8792	13.9485	11.9222	6.41728	8.97286	1.75908
GO:0036094	2.54177	1.3843	1.86282	1.69573	1.12829	0.912593
GO:0036131	1e-05	1e-05	1e-05	1e-05	1e-05	0.143394
GO:0036355	1.83132	2.07163	2.49507	6.31945	3.02095	0.235895
GO:0036356	0.363424	0.174296	0.199235	0.253588	0.374836	0.156226
GO:0036361	39.929	36.1008	34.0965	36.5296	40.5321	53.0678
GO:0036374	1e-05	1e-05	1e-05	1e-05	1e-05	0.0455458
GO:0036380	1e-05	1e-05	1e-05	0.0472715	1e-05	0.0765578
GO:0036381	2.81018	0.79411	2.39159	1.284	1.67288	0.996102
GO:0036439	24.5134	32.5297	33.8568	5.71376	8.36484	1.81461
GO:0042132	1e-05	0.156587	0.0717752	0.260354	0.06735	0.157174
GO:0042242	0.0271	0.127222	0.208287	0.151106	0.234488	0.14247
GO:0042277	1e-05	1e-05	1e-05	1e-05	1e-05	0.066666
GO:0042279	1e-05	1e-05	1e-05	0.139875	1e-05	0.188502
GO:0042286	11.4639	10.7565	13.6374	6.42752	6.25604	0.46885
GO:0042301	1e-05	1e-05	1e-05	0.202663	1e-05	0.109077
GO:0042577	0.175277	1e-05	1e-05	0.244476	1e-05	1e-05
GO:0042586	107.225	86.829	78.8803	26.3327	35.8297	10.0293
GO:0042602	1e-05	1e-05	1e-05	0.23753	1e-05	0.086012
GO:0042623	1e-05	1e-05	1e-05	0.0348672	1e-05	0.0375984
GO:0042626	259.123	232.65	232.597	142.996	150.678	90.2097
GO:0042781	0.208812	1e-05	0.321024	0.524361	0.241209	0.0942025
GO:0042802	83.1425	73.2713	80.3926	30.7923	29.5114	21.2888
GO:0042803	0.748484	0.256333	0.689474	1.33312	0.184127	0.0800576
GO:0042834	1e-05	1e-05	1e-05	1e-05	1e-05	0.0633607
GO:0042888	1e-05	1e-05	1e-05	1e-05	1e-05	0.106914
GO:0042907	1e-05	1e-05	1e-05	0.0694638	1e-05	0.0374282
GO:0042912	1e-05	1e-05	1e-05	0.117682	1e-05	1e-05
GO:0042925	1e-05	1e-05	1e-05	1e-05	1e-05	0.0475144
GO:0042931	0.0587598	1e-05	1e-05	0.0819582	1e-05	0.0882966
GO:0042936	1e-05	1e-05	1e-05	0.253047	1e-05	0.115323
GO:0042937	1e-05	1e-05	1e-05	0.218585	1e-05	0.0781618
GO:0042945	1e-05	1e-05	1e-05	1e-05	1e-05	0.098796
GO:0042954	1e-05	1e-05	1e-05	1e-05	1e-05	0.600091
GO:0042958	1e-05	1e-05	1e-05	1e-05	1e-05	0.0408065
GO:0042972	10.4741	7.08042	7.09522	5.5922	8.18688	1.13682
GO:0043022	480.474	495.458	534.163	238.198	275.026	146.566
GO:0043023	38.8289	44.8502	44.2985	9.49006	14.764	3.59783
GO:0043024	1e-05	1e-05	1e-05	0.0348672	1e-05	0.0375984
GO:0043115	34.0244	24.1863	24.9796	9.34062	15.0646	1.40405
GO:0043136	0.193645	1e-05	1e-05	0.180065	1e-05	1e-05
GO:0043140	0.0384186	1e-05	1e-05	0.0470459	1e-05	0.136953
GO:0043141	32.8534	28.2005	25.3602	7.99226	12.3852	1.90991
GO:0043142	1e-05	1e-05	1e-05	1e-05	1e-05	0.0289947
GO:0043169	44.7865	40.772	36.1533	25.2186	17.9424	73.3805
GO:0043295	1e-05	1e-05	1e-05	0.0750119	1e-05	0.0403933
GO:0043365	251.047	276.162	326.89	125.265	128.33	19.565
GO:0043492	1e-05	1e-05	1e-05	0.214075	1e-05	0.0432126
GO:0043531	0.0418465	1e-05	1e-05	1e-05	1e-05	0.0324945
GO:0043546	0.0230576	1e-05	1e-05	1e-05	1e-05	0.128252
GO:0043565	319.185	285.679	298.457	173.836	248.628	46.4134
GO:0043621	1e-05	1e-05	1e-05	1e-05	1e-05	0.0255679
GO:0043714	0.192837	1e-05	0.222513	0.0672536	0.139181	0.0362373
GO:0043726	1e-05	1e-05	1e-05	0.131891	1e-05	0.114885
GO:0043737	8.24891	8.1438	5.81506	4.71772	5.77819	8.41664
GO:0043740	2.42383	0.469695	0.828871	0.751788	0.388931	0.526596
GO:0043752	13.1028	7.27764	10.0231	2.72149	3.3816	0.176107
GO:0043755	4.3977	5.21243	6.70068	1.5333	2.53531	0.550997
GO:0043761	1.75351	1.02104	1.3061	1.71368	1.77486	1.22575
GO:0043765	1e-05	1e-05	1e-05	1e-05	1e-05	0.150029
GO:0043766	0.262915	0.154329	0.379046	0.412452	0.664072	0.320984
GO:0043768	1e-05	1e-05	1e-05	0.492967	1e-05	1e-05
GO:0043772	125.987	142.067	122.632	96.964	110.993	302.318
GO:0043773	0.265502	0.14248	0.366486	0.147994	0.229914	0.159629
GO:0043781	0.471145	0.513556	0.226492	1e-05	0.170032	0.177006
GO:0043801	0.332153	0.162121	0.742945	0.0842136	0.172926	0.0453757
GO:0043805	79.4731	53.7129	48.3755	101.111	67.4283	137.869
GO:0043807	93.9611	66.9468	59.1111	47.705	61.7926	108.753
GO:0043814	1e-05	1e-05	0.238231	0.172802	1e-05	0.465325
GO:0043815	0.124181	1e-05	1e-05	0.26297	1e-05	1e-05
GO:0043817	0.670579	0.415307	1.54662	0.863065	0.595509	0.232565
GO:0043821	0.0829169	1e-05	1e-05	1e-05	1e-05	0.0623156
GO:0043825	1e-05	1e-05	1e-05	1e-05	1e-05	0.0680757
GO:0043838	1e-05	1e-05	1e-05	1e-05	1e-05	0.0630447
GO:0043884	0.0524537	0.0704043	1e-05	1e-05	1e-05	0.0394212
GO:0043887	0.212208	1e-05	1e-05	0.0880025	1e-05	0.142252
GO:0043917	0.446632	0.266599	0.532295	0.41146	0.573012	0.222333
GO:0043957	1e-05	1e-05	1e-05	0.21845	1e-05	0.117777
GO:0044183	1e-05	1e-05	1e-05	0.704742	1e-05	0.702582
GO:0044212	0.379206	1e-05	1e-05	0.411956	1e-05	0.423012
GO:0044318	20.0365	25.8602	25.377	6.784	11.9143	2.06198
GO:0044610	0.0780984	1e-05	1e-05	1e-05	1e-05	0.0959524
GO:0044667	1e-05	1e-05	1e-05	1e-05	1e-05	0.0349249
GO:0044689	1.09606	0.656687	0.81472	0.169871	0.263659	0.120913
GO:0044822	2.72633	1.30741	1.9968	1.44701	0.187441	1.45856
GO:0045127	0.0424286	1e-05	1e-05	1e-05	1e-05	0.0637981
GO:0045148	1.70061	3.00514	2.4798	4.12114	3.40423	3.49947
GO:0045330	0.332929	0.349135	0.495139	0.203159	0.150196	0.218955
GO:0045437	1e-05	1e-05	1e-05	1e-05	1e-05	0.153577
GO:0045550	1.37405	1.02676	1.31692	0.781738	1.40968	0.266154
GO:0046026	0.0551701	0.111293	0.0849563	1e-05	0.0797652	0.0830956
GO:0046316	1e-05	1e-05	1e-05	1e-05	1e-05	0.247318
GO:0046429	85.8727	81.4814	82.3387	33.4474	45.0118	18.231
GO:0046523	44.7121	38.2325	42.5619	33.9172	22.4835	24.8705
GO:0046537	613.033	487.742	490.414	107.908	126.064	14.1345
GO:0046538	253.308	312.144	234.611	223.846	437.949	55.8674
GO:0046553	1e-05	1e-05	1e-05	0.0963923	1e-05	1e-05
GO:0046555	17.9495	16.3192	20.9763	11.5945	11.7939	7.87794
GO:0046556	28.5563	18.1504	20.5277	12.1554	10.9966	4.20574
GO:0046790	1e-05	1e-05	1e-05	1e-05	1e-05	0.0348277
GO:0046820	1e-05	1e-05	1e-05	0.148851	1e-05	0.0401017
GO:0046857	1e-05	1e-05	1e-05	0.129049	1e-05	0.234874
GO:0046870	1e-05	1e-05	1e-05	1e-05	1e-05	0.0484137
GO:0046872	11534.1	10502	11565.1	5119.37	5844.48	3270.97
GO:0046873	243.191	200.241	204.958	92.5615	107.347	43.7174
GO:0046912	107.523	94.517	101.227	32.0363	49.202	6.10508
GO:0046914	189.499	98.1613	97.9464	43.5643	63.9075	18.102
GO:0046917	0.0842105	0.113029	0.0645628	0.0587285	1e-05	0.0632878
GO:0046933	832.309	1035.43	1075.64	430.882	534.62	223.331
GO:0046961	300.262	412.093	433.771	145.185	185.241	67.2136
GO:0046982	1.73427	0.591752	0.713151	0.93077	1.02038	1.06967
GO:0046983	63.4518	61.57	71.7053	17.1938	23.3423	4.28099
GO:0047001	1e-05	1e-05	1e-05	1e-05	1e-05	1.43953
GO:0047017	1e-05	1e-05	1e-05	1e-05	1e-05	0.143394
GO:0047068	5.72751	2.1895	2.31429	2.1757	1.73215	0.932547
GO:0047111	0.0111569	1e-05	1e-05	1e-05	1e-05	0.0717456
GO:0047134	1e-05	1e-05	1e-05	1e-05	1e-05	0.0314008
GO:0047138	1e-05	1e-05	1e-05	0.23753	1e-05	0.086012
GO:0047151	42.0487	49.4214	49.5534	24.8852	33.2904	16.943
GO:0047154	123.774	126.004	191.309	18.9764	45.2124	9.46407
GO:0047241	1e-05	1e-05	1e-05	1e-05	1e-05	0.0822449
GO:0047244	7.05007	5.81415	5.00743	2.02437	2.40616	0.405076
GO:0047270	0.148694	1e-05	1e-05	0.0518272	1e-05	0.279254
GO:0047294	0.378915	0.327171	0.291528	0.37763	1e-05	0.162837
GO:0047295	0.092942	0.187014	0.10719	1e-05	1e-05	1e-05
GO:0047298	1e-05	1e-05	1e-05	0.079748	1e-05	0.0217764
GO:0047310	8.3998	8.5926	6.04406	0.309565	2.05887	0.21441
GO:0047324	0.0350877	1e-05	1e-05	1e-05	1e-05	1e-05
GO:0047334	164.662	233.258	278.781	37.5005	63.6197	7.50242
GO:0047355	21.648	22.5462	19.301	10.5777	25.5153	10.9342
GO:0047360	57.8469	36.2974	35.8816	21.8266	18.5234	3.31325
GO:0047372	100.76	177.056	127.162	306.722	180.976	130.308
GO:0047429	132.151	133.484	119.472	98.1461	107.691	44.6282
GO:0047440	1e-05	1e-05	1e-05	1e-05	1e-05	0.0899007
GO:0047451	72.3142	46.1825	52.541	12.6864	17.7779	2.00445
GO:0047475	85.3541	95.1987	103.56	42.4283	54.0553	7.49318
GO:0047480	103.798	117.118	118.453	111.311	104.522	96.3775
GO:0047527	1e-05	1e-05	1e-05	0.127425	1e-05	1e-05
GO:0047553	244.684	296.317	302.593	152.736	160.133	71.6
GO:0047617	1e-05	1e-05	1e-05	1e-05	1e-05	0.0976051
GO:0047631	82.9162	62.3987	64.0822	19.2002	23.2511	3.14524
GO:0047693	1e-05	1e-05	1e-05	1e-05	1e-05	0.0150928
GO:0047760	16.1112	21.0374	23.8122	3.39344	6.36735	2.2203
GO:0047761	51.9546	26.1416	18.4366	54.2261	47.3327	99.7304
GO:0047850	47.6459	45.7581	47.5035	10.7892	16.0535	2.37006
GO:0047952	24.5134	32.5297	33.8568	5.71376	8.36484	1.81461
GO:0048001	1e-05	1e-05	1e-05	1e-05	1e-05	0.055875
GO:0048029	64.6015	49.5806	49.2977	19.6471	21.712	9.93008
GO:0048037	369.057	238.458	309.585	112.408	122.456	23.7111
GO:0048038	97.0807	169.089	177.225	144.934	136.706	116.008
GO:0048040	0.0819791	0.0274976	0.0630458	1e-05	1e-05	0.0923797
GO:0048472	34.9722	25.9179	28.0006	9.53233	10.312	1.54258
GO:0050081	1e-05	1e-05	1e-05	0.115382	1e-05	0.0207314
GO:0050089	1e-05	1e-05	1e-05	0.0826348	1e-05	1e-05
GO:0050136	12.6874	10.3754	9.38924	2.86822	4.92771	0.331191
GO:0050163	0.042752	1e-05	1e-05	0.06784	1e-05	1e-05
GO:0050182	110.934	97.0631	80.2442	106.577	96.2858	84.1331
GO:0050225	0.112378	1e-05	1e-05	1e-05	1e-05	1e-05
GO:0050242	78.337	113.804	111.507	55.8741	66.3887	56.0102
GO:0050263	0.040844	1e-05	1e-05	0.0567438	1e-05	1e-05
GO:0050270	28.9665	33.0883	40.4601	4.05384	9.32091	2.20426
GO:0050297	1e-05	1e-05	1e-05	1e-05	1e-05	0.109417
GO:0050308	0.235589	1e-05	1e-05	0.318541	1e-05	0.549369
GO:0050355	9.25041	8.16498	10.5247	2.52293	3.34197	0.338191
GO:0050380	28.5416	27.3549	35.2135	8.18062	14.8895	11.5334
GO:0050418	0.667248	0.931467	1.06713	1.01462	1.0699	0.708658
GO:0050454	8.95946	9.30224	14.0663	16.7493	5.58436	14.4802
GO:0050462	39.8759	36.2254	48.2055	4.44239	7.02629	2.01823
GO:0050480	0.722321	0.523626	0.222239	3.34324	1.16768	3.62478
GO:0050485	39.6642	62.3147	54.2061	100.564	67.3724	42.2174
GO:0050492	26.5214	36.0669	34.4512	19.8093	29.9521	27.602
GO:0050511	22.9967	23.7419	31.9707	5.82296	8.55392	1.59748
GO:0050515	27.9916	22.7673	25.2185	6.29861	11.2061	0.848941
GO:0050518	30.9616	38.2172	32.7589	23.1429	26.5389	22.2779
GO:0050524	6.70278	5.00675	8.37245	12.4445	5.09979	13.3118
GO:0050532	36.6541	35.9121	34.7994	49.4914	49.2805	53.6896
GO:0050545	1e-05	0.212775	0.060509	0.552778	0.362934	0.497091
GO:0050560	21.7855	26.4339	31.8326	7.49032	10.6102	3.12655
GO:0050567	73.456	76.0985	66.7557	38.5456	42.8338	36.721
GO:0050568	26.73	35.0295	38.4534	4.02655	4.866	2.31897
GO:0050569	1e-05	1e-05	1e-05	1e-05	1e-05	0.0389594
GO:0050570	14.7049	10.6946	11.8434	10.8563	11.5105	4.88074
GO:0050572	0.0733446	1e-05	1e-05	1e-05	1e-05	0.110219
GO:0050583	70.9831	63.8474	64.6092	2.0352	5.95667	0.799117
GO:0050605	90.5291	86.3606	72.8676	81.4959	70.6654	101.378
GO:0050660	775.812	863.082	966.175	401.997	441.77	187.618
GO:0050661	1198.88	1463.19	1327.78	477.942	665.368	117.284
GO:0050662	172.648	171.785	158.54	141.619	158.552	95.1695
GO:0050782	1e-05	1e-05	1e-05	0.109022	1e-05	0.172097
GO:0050797	19.1002	29.5605	26.6489	22.7811	24.5272	32.4181
GO:0050897	7.89793	8.9755	7.25927	6.73718	1.41622	2.20251
GO:0051060	16.2434	12.5328	10.7321	20.8748	13.8513	71.8698
GO:0051073	18.2461	14.1724	14.6174	4.22822	6.25324	0.529245
GO:0051108	1e-05	1e-05	1e-05	0.0642766	1e-05	0.069704
GO:0051109	1e-05	1e-05	1e-05	0.0642766	1e-05	0.069704
GO:0051116	0.12997	0.0784994	0.0799574	0.145017	0.0187628	0.0293107
GO:0051213	35.3734	63.7715	60.6024	10.7543	9.60543	90.2897
GO:0051287	1952.44	2363.33	2398.32	843.089	1050.95	311.944
GO:0051392	1e-05	1e-05	1e-05	0.096708	1e-05	1e-05
GO:0051536	967.25	1067.48	1076.2	823.465	899.437	892.178
GO:0051537	468.847	394.601	384.985	153.129	212.404	30.1169
GO:0051538	117.459	153.421	186.272	29.8306	46.6363	10.9288
GO:0051539	5105.05	4459.53	5080.38	1970.29	2229.63	905.432
GO:0051575	1e-05	1e-05	1e-05	0.0705914	1e-05	1e-05
GO:0051745	120.281	156.184	188.3	30.2358	47.9035	12.3561
GO:0051903	0.0336971	1e-05	1e-05	0.0939565	1e-05	1e-05
GO:0051908	1e-05	1e-05	1e-05	1e-05	1e-05	0.0198321
GO:0051912	8.38619	5.81855	9.47997	3.96183	3.66033	4.45484
GO:0051920	1086.05	807.853	838.002	605.99	738.951	262.76
GO:0051978	0.0610558	1e-05	1e-05	0.0432119	1e-05	0.0231618
GO:0051989	8.56095	10.8358	9.71208	2.98933	5.12201	0.562736
GO:0051991	22.9967	23.7419	31.9707	5.82296	8.55392	1.59748
GO:0051992	90.4831	93.432	114.141	66.754	70.1846	105.584
GO:0052381	41.2526	31.7636	29.0909	7.91824	8.3101	5.60167
GO:0052591	1e-05	1e-05	1e-05	0.0664868	1e-05	0.0716727
GO:0052618	0.265502	0.14248	0.366486	0.147994	0.229914	0.159629
GO:0052619	0.265502	0.14248	0.366486	0.147994	0.229914	0.159629
GO:0052621	0.122855	1e-05	1e-05	0.0671634	1e-05	0.131169
GO:0052654	72.7064	70.705	74.8858	18.3265	28.355	2.90122
GO:0052655	72.7064	70.705	74.8858	18.3265	28.355	2.90122
GO:0052656	72.7064	70.705	74.8858	18.3265	28.355	2.90122
GO:0052657	13.5116	15.2169	12.1415	11.612	9.75838	8.88602
GO:0052665	1e-05	1e-05	1e-05	1e-05	1e-05	0.0862065
GO:0052666	1e-05	1e-05	1e-05	1e-05	1e-05	0.0862065
GO:0052689	0.938313	0.827684	0.988637	0.5217	0.619079	0.603227
GO:0052692	1e-05	1e-05	1e-05	1e-05	1e-05	0.0402961
GO:0052693	1e-05	1e-05	1e-05	0.182185	1e-05	1e-05
GO:0052717	111.286	75.5548	96.6719	27.1322	36.7174	7.13689
GO:0052733	1e-05	1e-05	1e-05	1e-05	1e-05	0.0327619
GO:0052734	1e-05	1e-05	1e-05	1e-05	1e-05	0.0327619
GO:0052737	1e-05	1e-05	1e-05	1e-05	1e-05	0.046445
GO:0052832	39.8263	40.6059	32.6609	34.9784	42.6245	37.4463
GO:0052833	39.8263	40.6059	32.6609	34.9784	42.6245	37.4463
GO:0052855	90.9308	100.463	87.6348	55.2697	56.9208	44.7635
GO:0052856	1e-05	1e-05	1e-05	1e-05	1e-05	0.0351437
GO:0052857	1e-05	1e-05	1e-05	1e-05	1e-05	0.0351437
GO:0052875	1e-05	1e-05	1e-05	0.23753	1e-05	0.086012
GO:0052890	1e-05	1e-05	1e-05	0.0611642	1e-05	0.065864
GO:0052906	39.2177	51.3478	46.2959	21.5608	30.8526	41.6974
GO:0052908	19.2502	19.5427	19.1622	9.41852	12.4841	11.5002
GO:0052911	1e-05	1e-05	1e-05	1e-05	1e-05	0.151123
GO:0052913	16.2693	9.63987	12.8537	1.94336	3.28045	0.826678
GO:0052914	1e-05	1e-05	1e-05	1e-05	1e-05	0.0551216
GO:0052915	1e-05	1e-05	1e-05	1e-05	1e-05	0.0247901
GO:0052916	1e-05	1e-05	1e-05	0.0913855	1e-05	0.04924
GO:0052927	1e-05	0.0178615	0.0614043	0.0742451	0.15365	0.0223111
GO:0052928	1e-05	0.0178615	0.0614043	0.0742451	0.15365	0.0223111
GO:0052929	1e-05	0.0178615	0.0614043	0.0742451	0.15365	0.0223111
GO:0060698	1e-05	1e-05	1e-05	1e-05	1e-05	0.260807
GO:0061593	1e-05	1e-05	1e-05	0.0826348	1e-05	1e-05
GO:0061594	1e-05	1e-05	1e-05	1e-05	1e-05	0.065062
GO:0061595	1e-05	1e-05	1e-05	1e-05	1e-05	0.066666
GO:0061596	1e-05	1e-05	1e-05	1e-05	1e-05	0.0303315
GO:0061597	16.0923	22.7354	16.5919	26.9125	26.5344	95.3723
GO:0061599	1e-05	1e-05	1e-05	1e-05	1e-05	0.0447681
GO:0061602	1e-05	1e-05	1e-05	0.210286	1e-05	0.169958
GO:0061603	0.14006	1e-05	0.303291	1e-05	0.372502	1e-05
GO:0061634	1e-05	1e-05	1e-05	0.109744	1e-05	0.0112042
GO:0061710	42.3158	37.0345	33.0736	15.3004	21.177	5.48248
GO:0061711	42.4609	36.0706	33.2499	21.522	23.0494	16.0915
GO:0061712	0.229186	1e-05	0.0442191	0.240552	0.124479	1e-05
GO:0070006	81.1036	88.1008	128.593	17.9648	27.1536	44.3862
GO:0070008	1e-05	1e-05	1e-05	1e-05	1e-05	0.0127353
GO:0070011	0.0547174	1e-05	1e-05	1e-05	1e-05	1e-05
GO:0070038	98.9911	83.2311	84.975	46.8949	74.9947	13.2895
GO:0070039	1e-05	1e-05	1e-05	1e-05	1e-05	0.0835087
GO:0070040	33.2572	31.5624	33.2804	8.76191	11.4019	1.7819
GO:0070041	1e-05	1e-05	1e-05	0.0773123	1e-05	1e-05
GO:0070043	10.6112	18.3224	20.0551	10.3651	7.9634	11.0177
GO:0070180	461.223	607.724	730.52	124.526	184.369	117.733
GO:0070181	50.8204	58.9049	57.524	24.3902	24.1745	21.5368
GO:0070402	18.7702	23.586	25.9558	5.92476	12.792	6.30255
GO:0070403	170.964	132.763	111.654	131.267	119.606	45.9991
GO:0070491	0.0304632	1e-05	1e-05	1e-05	1e-05	0.0457645
GO:0070626	2.78114	3.37398	4.32549	3.46854	4.16777	4.89843
GO:0070677	16.7342	19.7208	22.8476	4.26918	7.62357	4.34228
GO:0070967	0.0588891	0.276647	1e-05	0.246461	0.339924	1e-05
GO:0071111	0.189344	1e-05	1e-05	0.395628	1e-05	0.543366
GO:0071424	814.82	609.254	622.777	422.022	365.491	158.835
GO:0071713	0.0557199	1e-05	1e-05	1e-05	1e-05	1e-05
GO:0071916	0.0780984	1e-05	1e-05	1e-05	1e-05	0.217035
GO:0071949	1.1448	0.852447	1.16711	1.33767	0.894313	0.296582
GO:0071972	1e-05	1e-05	1e-05	1e-05	1e-05	0.0143151
GO:0080100	8.3998	8.5926	6.04406	0.309565	2.05887	0.21441
GO:0080130	103.392	69.6754	65.7772	48.4859	31.3015	55.2091
GO:0080146	1e-05	1e-05	1e-05	0.0854314	1e-05	1e-05
GO:0080176	1e-05	1e-05	1e-05	0.109744	1e-05	0.0112042
GO:0089714	1e-05	1e-05	1e-05	0.0405055	1e-05	0.130999
GO:0090582	0.0209879	1e-05	1e-05	1e-05	1e-05	1e-05
GO:0090589	0.0431401	1e-05	1e-05	1e-05	1e-05	0.0383275
GO:0090613	0.0570135	1e-05	1e-05	0.0795225	1e-05	0.0428724
GO:0090614	28.9094	33.0883	40.4601	3.97432	9.32091	2.16138
GO:0097098	0.0256771	1e-05	1e-05	0.0179072	1e-05	0.0579166
GO:1901682	1e-05	1e-05	1e-05	1e-05	1e-05	0.300422
GO:1990663	0.431174	0.353627	0.257804	0.13365	0.484005	0.864033
GO:2001070	540.485	405.859	383.819	40.8239	46.4104	11.5
